time_start	date_start	test_file	Pre_total_node_count	Pre_tot_phi_node_count	Pre_tot_lambda_node_count	Pre_tot_apply_node_count	Pre_tot_lambdas_inside_phis	Pre_lambdas_exported	Pre_Max_NC_for_exported_lambdas	Pre_Avg_NC_for_exported_lambdas	Pre_Min_NC_for_exported_lambdas	Pre_Max_SCC_for_exported_lambdas	Pre_Avg_SCC_for_exported_lambdas	Pre_Min_SCC_for_exported_lambdas	Pre_Max_NC	Pre_Avg_NC	Pre_Min_NC	Pre_Max_SCC	Pre_Avg_SCC	Pre_Min_SCC	Pre_Max_CIN	Pre_Avg_CIN	Pre_Min_CIN	Pre_Max_PC	Pre_Avg_PC	Pre_Min_PC	Pre_Max_CPC	Pre_Avg_CPC	Pre_Min_CPC	Pre_Max_LND	Pre_Avg_LND	Pre_Min_LND	loop_breakers_size	static_known_applies	static_known_applies_minus_loop_breakers	inlines_performed	applies_after_inlining	wall_clock_ms	Post_total_node_count	Post_tot_phi_node_count	Post_tot_lambda_node_count	Post_tot_apply_node_count	Post_tot_lambdas_inside_phis	Post_lambdas_exported	Post_Max_NC_for_exported_lambdas	Post_Avg_NC_for_exported_lambdas	Post_Min_NC_for_exported_lambdas	Post_Max_SCC_for_exported_lambdas	Post_Avg_SCC_for_exported_lambdas	Post_Min_SCC_for_exported_lambdas	Post_Max_NC	Post_Avg_NC	Post_Min_NC	Post_Max_SCC	Post_Avg_SCC	Post_Min_SCC	Post_Max_CIN	Post_Avg_CIN	Post_Min_CIN	Post_Max_PC	Post_Avg_PC	Post_Min_PC	Post_Max_CPC	Post_Avg_CPC	Post_Min_CPC	Post_Max_LND	Post_Avg_LND	Post_Min_LND	duration_secs
21:23:13	15.06.2015	h264ref/specrand.s	61	0	2	0	0	2	41	23	5	41	23	5	41	23	5	1	1	1	41	23	5	0	0	0	0	0	0	0	0	0	0	0	0	0	0	0.09406	61	0	2	0	0	2	41	23	5	41	23	5	41	23	5	1	1	1	41	23	5	0	0	0	0	0	0	0	0	0	00:00:00.008
21:23:13	15.06.2015	libquantum/qft.s	106	0	2	4	0	2	46	45.5	45	46	45.5	45	46	45.5	45	1	1	1	46	45.5	45	3	2.5	2	0	0	0	2	1.5	1	0	0	0	0	0	0.133733	106	0	2	4	0	2	46	45.5	45	46	45.5	45	46	45.5	45	1	1	1	46	45.5	45	3	2.5	2	0	0	0	2	1.5	1	00:00:00.018
21:23:13	15.06.2015	libquantum/classic.s	252	0	5	1	0	5	102	40.4	21	102	40.4	21	102	40.4	21	1	1	1	102	40.4	21	1	1	1	0	0	0	1	1	1	0	0	0	0	0	0.174579	252	0	5	1	0	5	102	40.4	21	102	40.4	21	102	40.4	21	1	1	1	102	40.4	21	1	1	1	0	0	0	1	1	1	00:00:00.030
21:23:13	15.06.2015	libquantum/qec.s	678	0	8	41	0	8	228	77.875	10	228	77.875	10	228	77.875	10	4	1.875	1	228	77.875	10	3	2.07317	1	2	0.243902	0	1	0.414634	0	0	7	7	4	3	3.13101	757	0	8	37	0	8	252	87.75	10	252	87.75	10	252	87.75	10	2	1.375	1	252	87.75	10	3	2	1	1	0.108108	0	1	0.459459	0	00:00:00.135
21:23:13	15.06.2015	libquantum/oaddn.s	938	0	10	99	0	10	201	90.9	19	201	90.9	19	201	90.9	19	3	2	1	201	90.9	19	8	3.46465	2	1	0.010101	0	1	0.121212	0	0	10	10	6	6	17.0576	1081	0	10	95	0	10	201	105.2	23	201	105.2	23	201	105.2	23	4	1.6	1	201	105.2	23	7	3.41053	2	1	0.0105263	0	1	0.105263	0	00:00:00.163
21:23:13	15.06.2015	libquantum/version.s	8	0	1	0	0	1	2	2	2	2	2	2	2	2	2	1	1	1	2	2	2	0	0	0	0	0	0	0	0	0	0	0	0	0	0	0.568943	8	0	1	0	0	1	2	2	2	2	2	2	2	2	2	1	1	1	2	2	2	0	0	0	0	0	0	0	0	0	00:00:00.010
21:23:13	15.06.2015	libquantum/expn.s	81	0	1	2	0	1	68	68	68	68	68	68	68	68	68	1	1	1	68	68	68	5	3.5	2	0	0	0	1	0.5	0	0	0	0	0	0	0.088429	81	0	1	2	0	1	68	68	68	68	68	68	68	68	68	1	1	1	68	68	68	5	3.5	2	0	0	0	1	0.5	0	00:00:00.009
21:23:13	15.06.2015	libquantum/specrand.s	61	0	2	0	0	2	41	23	5	41	23	5	41	23	5	1	1	1	41	23	5	0	0	0	0	0	0	0	0	0	0	0	0	0	0	0.086309	61	0	2	0	0	2	41	23	5	41	23	5	41	23	5	1	1	1	41	23	5	0	0	0	0	0	0	0	0	0	00:00:00.010
21:23:13	15.06.2015	libquantum/omuln.s	252	0	4	17	0	4	86	58.25	27	86	58.25	27	86	58.25	27	3	2	1	86	58.25	27	5	3.94118	2	0	0	0	1	0.411765	0	0	4	4	2	2	2.84217	257	0	4	14	0	4	87	59.5	27	87	59.5	27	87	59.5	27	2	1.5	1	87	59.5	27	5	3.92857	2	0	0	0	1	0.5	0	00:00:00.034
21:23:13	15.06.2015	gromacs/do_fit.s	1712	0	13	22	0	8	556	94.6923	5	556	94.6923	5	556	94.6923	5	5	1.61538	1	556	94.6923	5	6	3.36364	1	5	0.727273	0	2	0.409091	0	0	13	13	7	6	1236.29	1791	0	9	15	0	8	708	146	5	708	146	5	708	146	5	5	1.55556	1	708	146	5	6	4.06667	1	5	1.06667	0	2	0.333333	0	00:00:02.2646
21:23:16	15.06.2015	gromacs/pullinit.s	2383	0	11	97	0	1	1114	170.091	16	1114	170.091	16	1114	170.091	16	13	2.63636	1	1114	170.091	16	8	3.36082	1	4	1	0	2	0.360825	0	0	28	28	25	3	73262.5	2288	0	2	46	0	1	1718	917.5	117	1718	917.5	117	1718	917.5	117	3	2	1	1718	917.5	117	6	3.73913	1	4	1.45652	0	1	0.195652	0	00:01:28.88343
21:24:44	15.06.2015	gromacs/nsgrid.s	2095	0	15	52	0	12	241	125.4	19	241	125.4	19	241	125.4	19	6	1.53333	1	241	125.4	19	7	3.63462	1	3	0.692308	0	4	0.653846	0	0	11	11	10	1	64.9216	2159	0	13	39	0	12	281	149.769	19	281	149.769	19	281	149.769	19	1	1	1	281	149.769	19	5	3.30769	1	3	0.615385	0	4	0.615385	0	00:00:00.551
21:24:45	15.06.2015	gromacs/ionize.s	4132	0	19	129	0	13	1313	136.316	5	1313	136.316	5	1313	136.316	5	15	2.78947	1	1313	136.316	5	7	2.36434	0	5	0.27907	0	2	0.364341	0	0	40	40	35	6	19316.3	4606	0	14	104	0	13	1432	219.214	14	1432	219.214	14	1432	219.214	14	2	1.35714	1	1432	219.214	14	7	2.56731	0	5	0.346154	0	2	0.375	0	00:00:44.44866
21:25:30	15.06.2015	gromacs/names.s	302	0	0	0	0	0	0	0	0	0	0	0	0	0	0	0	0	0	0	0	0	0	0	0	0	0	0	0	0	0	0	0	0	0	0	0.211032	302	0	0	0	0	0	0	0	0	0	0	0	0	0	0	0	0	0	0	0	0	0	0	0	0	0	0	0	0	0	00:00:00.009
21:25:30	15.06.2015	gromacs/edsam.s	8091	0	38	258	0	31	829	169.921	12	829	169.921	12	829	169.921	12	14	3.65789	1	829	169.921	12	6	3.06202	1	5	0.527132	0	2	0.209302	0	0	108	108	64	29	15156	8414	0	31	198	0	31	738	220.065	12	738	220.065	12	738	220.065	12	7	1.93548	1	738	220.065	12	5	3.25758	1	5	0.873737	0	2	0.166667	0	00:00:23.23924
21:25:53	15.06.2015	gromacs/buffer.s	191	0	4	4	0	4	96	41.75	15	96	41.75	15	96	41.75	15	4	1.75	1	96	41.75	15	3	1.5	1	0	0	0	1	1	1	0	3	3	2	1	0.488742	215	0	4	2	0	4	108	47.75	15	108	47.75	15	108	47.75	15	2	1.25	1	108	47.75	15	3	2	1	0	0	0	1	1	1	00:00:00.027
21:25:54	15.06.2015	gromacs/pullutil.s	2299	0	15	45	0	7	467	117.6	12	467	117.6	12	467	117.6	12	6	2.4	1	467	117.6	12	6	2.62222	1	4	0.333333	0	2	0.8	0	0	29	29	28	1	255.867	2723	0	8	15	0	7	667	277.5	12	667	277.5	12	667	277.5	12	1	1	1	667	277.5	12	5	3.13333	1	4	1	0	2	0.933333	0	00:00:01.1345
21:25:55	15.06.2015	gromacs/memdump.s	236	0	3	9	0	1	118	65.3333	23	118	65.3333	23	118	65.3333	23	2	1.33333	1	118	65.3333	23	3	2.55556	1	1	0.111111	0	1	0.555556	0	0	3	3	2	1	2.36899	185	0	2	5	0	1	123	73	23	123	73	23	123	73	23	1	1	1	123	73	23	3	2.2	1	1	0.2	0	1	0.6	0	00:00:00.040
21:25:55	15.06.2015	gromacs/calch.s	5007	1	7	54	1	1	1176	198.571	5	1176	198.571	5	1176	198.571	5	5	2.57143	1	1176	198.571	5	3	1.27778	1	1	0.0185185	0	1	0.62963	0	1	17	16	15	1	609.845	5142	1	3	41	1	1	1456	509.667	5	1456	509.667	5	1456	509.667	5	1	1	1	1456	509.667	5	3	1.09756	1	1	0.0243902	0	1	0.731707	0	00:00:07.7077
21:26:02	15.06.2015	gromacs/strdb.s	551	0	7	43	0	7	111	64.2857	19	111	64.2857	19	111	64.2857	19	2	1.14286	1	111	64.2857	19	5	2.30233	1	4	0.627907	0	1	0.372093	0	0	1	1	0	1	0.499547	551	0	7	43	0	7	111	64.2857	19	111	64.2857	19	111	64.2857	19	2	1.14286	1	111	64.2857	19	5	2.30233	1	4	0.627907	0	1	0.372093	0	00:00:00.061
21:26:02	15.06.2015	gromacs/princ.s	1744	0	12	32	0	6	705	114.083	5	705	114.083	5	705	114.083	5	6	1.83333	1	705	114.083	5	6	2.6875	1	5	0.3125	0	1	0.40625	0	0	16	16	14	1	77.769	1594	0	7	17	0	6	717	176.143	13	717	176.143	13	717	176.143	13	1	1	1	717	176.143	13	5	2.94118	1	5	0.588235	0	1	0.352941	0	00:00:03.3444
21:26:06	15.06.2015	gromacs/mvdata.s	2139	0	26	160	0	2	185	74.5385	14	185	74.5385	14	185	74.5385	14	3	1.23077	1	185	74.5385	14	5	3.68125	1	5	1.2875	0	2	0.15	0	0	30	30	24	1	81.0084	761	0	3	45	0	2	348	205.667	14	348	205.667	14	348	205.667	14	1	1	1	348	205.667	14	5	3.6	2	2	1.28889	0	1	0.0444444	0	00:00:00.251
21:26:06	15.06.2015	gromacs/disre.s	2702	0	7	29	0	3	752	218.571	5	752	218.571	5	752	218.571	5	2	1.28571	1	752	218.571	5	5	2.34483	1	0	0	0	2	1.03448	0	0	6	6	5	1	1236.82	2755	0	4	24	0	3	863	396.5	24	863	396.5	24	863	396.5	24	1	1	1	863	396.5	24	5	2.33333	1	0	0	0	2	0.875	0	00:00:04.4075
21:26:10	15.06.2015	gromacs/random.s	1321	0	9	19	0	6	333	101	12	333	101	12	333	101	12	3	1.77778	1	333	101	12	9	3	0	4	0.263158	0	2	0.315789	0	0	10	10	7	3	174.678	1410	0	7	12	0	6	503	142.857	12	503	142.857	12	503	142.857	12	3	1.28571	1	503	142.857	12	7	3	0	4	0.416667	0	1	0.25	0	00:00:00.466
21:26:10	15.06.2015	gromacs/calcmu.s	262	0	3	2	0	2	145	66	23	145	66	23	145	66	23	1	1	1	145	66	23	4	3	2	2	1	0	0	0	0	0	1	1	1	0	0.455363	258	0	2	1	0	2	145	97.5	50	145	97.5	50	145	97.5	50	1	1	1	145	97.5	50	4	4	4	2	2	2	0	0	0	00:00:00.041
21:26:10	15.06.2015	gromacs/pppm.s	2940	0	12	72	0	9	405	185.333	5	405	185.333	5	405	185.333	5	3	2.16667	1	405	185.333	5	16	4.48611	1	4	0.666667	0	1	0.194444	0	0	17	17	7	10	195.738	3027	0	11	65	0	9	448	210.182	38	448	210.182	38	448	210.182	38	3	1.72727	1	448	210.182	38	12	4.32308	1	4	0.738462	0	1	0.123077	0	00:00:01.1107
21:26:11	15.06.2015	gromacs/3dview.s	1609	0	16	63	0	13	215	73.125	12	215	73.125	12	215	73.125	12	10	3.25	1	215	73.125	12	5	1.85714	1	5	0.222222	0	2	0.111111	0	0	39	39	38	1	148.446	1242	0	13	30	0	13	324	68.1538	12	324	68.1538	12	324	68.1538	12	2	1.07692	1	324	68.1538	12	5	1.66667	1	5	0.3	0	2	0.166667	0	00:00:00.361
21:26:12	15.06.2015	gromacs/smalloc.s	267	1	6	18	1	5	51	37.8333	17	51	37.8333	17	51	37.8333	17	2	1.16667	1	51	37.8333	17	5	1.38889	0	3	0.333333	0	1	0.111111	0	1	2	1	1	0	0.567145	279	1	6	17	1	5	51	39.8333	17	51	39.8333	17	51	39.8333	17	1	1	1	51	39.8333	17	5	1.47059	0	3	0.352941	0	1	0.117647	0	00:00:00.027
21:26:12	15.06.2015	gromacs/mdatom.s	2031	0	3	52	0	3	963	522.333	155	963	522.333	155	963	522.333	155	1	1	1	963	522.333	155	5	4.01923	1	5	1.78846	0	1	0.115385	0	0	0	0	0	0	4.0701	2031	0	3	52	0	3	963	522.333	155	963	522.333	155	963	522.333	155	1	1	1	963	522.333	155	5	4.01923	1	5	1.78846	0	1	0.115385	0	00:00:07.7512
21:26:19	15.06.2015	gromacs/macros.s	37	0	0	0	0	0	0	0	0	0	0	0	0	0	0	0	0	0	0	0	0	0	0	0	0	0	0	0	0	0	0	0	0	0	0	0.066632	37	0	0	0	0	0	0	0	0	0	0	0	0	0	0	0	0	0	0	0	0	0	0	0	0	0	0	0	0	0	00:00:00.005
21:26:19	15.06.2015	gromacs/fatal.s	1020	0	20	67	0	17	356	39.8	2	356	39.8	2	356	39.8	2	8	1.65	1	356	39.8	2	5	2.23881	0	4	0.522388	0	2	0.373134	0	0	16	16	10	6	90.8593	1034	0	18	56	0	17	464	45.2778	2	464	45.2778	2	464	45.2778	2	4	1.27778	1	464	45.2778	2	5	2.125	0	4	0.589286	0	2	0.267857	0	00:00:00.390
21:26:20	15.06.2015	gromacs/pssolve.s	898	0	2	16	0	1	436	220.5	5	436	220.5	5	436	220.5	5	4	2.5	1	436	220.5	5	6	2.5625	1	1	0.125	0	4	0.375	0	0	4	4	3	1	5.32882	904	0	2	13	0	1	442	223.5	5	442	223.5	5	442	223.5	5	1	1	1	442	223.5	5	6	2.92308	1	1	0.153846	0	4	0.461538	0	00:00:00.535
21:26:20	15.06.2015	gromacs/synclib.s	12	0	1	3	0	1	6	6	6	6	6	6	6	6	6	1	1	1	6	6	6	1	1	1	1	0.666667	0	0	0	0	0	0	0	0	0	0.070549	12	0	1	3	0	1	6	6	6	6	6	6	6	6	6	1	1	1	6	6	6	1	1	1	1	0.666667	0	0	0	0	00:00:00.007
21:26:20	15.06.2015	gromacs/mvxvf.s	808	0	6	18	0	4	480	126.833	12	480	126.833	12	480	126.833	12	5	1.66667	1	480	126.833	12	10	4.61111	1	3	0.777778	0	2	0.777778	0	0	6	6	1	5	80.2464	804	0	5	17	0	4	489	151.6	34	489	151.6	34	489	151.6	34	5	1.8	1	489	151.6	34	10	4.82353	1	3	0.823529	0	2	0.705882	0	00:00:01.1063
21:26:21	15.06.2015	gromacs/f77_wrappers.s	21	0	2	2	0	2	10	8	6	10	8	6	10	8	6	1	1	1	10	8	6	2	1.5	1	0	0	0	0	0	0	0	0	0	0	0	0.049814	21	0	2	2	0	2	10	8	6	10	8	6	10	8	6	1	1	1	10	8	6	2	1.5	1	0	0	0	0	0	0	00:00:00.006
21:26:21	15.06.2015	gromacs/nrjac.s	2892	0	3	29	0	2	804	385.333	6	804	385.333	6	804	385.333	6	2	1.33333	1	804	385.333	6	5	2.89655	1	4	0.482759	0	3	1.17241	0	0	2	2	1	1	10.2262	2888	0	2	28	0	2	807	576.5	346	807	576.5	346	807	576.5	346	2	1.5	1	807	576.5	346	5	2.96429	1	4	0.5	0	3	1.21429	0	00:00:03.3289
21:26:25	15.06.2015	gromacs/mdrun.s	696	0	1	16	0	1	263	263	263	263	263	263	263	263	263	1	1	1	263	263	263	11	3.3125	0	0	0	0	1	0.0625	0	0	0	0	0	0	0.340089	696	0	1	16	0	1	263	263	263	263	263	263	263	263	263	1	1	1	263	263	263	11	3.3125	0	0	0	0	1	0.0625	0	00:00:00.195
21:26:25	15.06.2015	gromacs/rdgroup.s	1001	0	7	46	0	5	421	123.571	11	421	123.571	11	421	123.571	11	4	1.71429	1	421	123.571	11	7	3.41304	1	5	1.15217	0	2	0.630435	0	0	7	7	1	6	6.6963	997	0	6	45	0	5	421	143.667	35	421	143.667	35	421	143.667	35	4	1.83333	1	421	143.667	35	7	3.46667	1	5	1.17778	0	2	0.688889	0	00:00:00.437
21:26:25	15.06.2015	gromacs/ebin.s	679	0	6	16	0	4	184	85.3333	5	184	85.3333	5	184	85.3333	5	1	1	1	184	85.3333	5	5	2.6875	1	5	0.9375	0	2	0.75	0	0	2	2	1	1	0.902017	675	0	5	15	0	4	184	101.8	7	184	101.8	7	184	101.8	7	1	1	1	184	101.8	7	5	2.8	1	5	1	0	2	0.733333	0	00:00:00.115
21:26:25	15.06.2015	gromacs/rando.s	113	0	2	3	0	2	81	45	9	81	45	9	81	45	9	1	1	1	81	45	9	1	0.666667	0	1	0.333333	0	0	0	0	0	0	0	0	0	0.143001	113	0	2	3	0	2	81	45	9	81	45	9	81	45	9	1	1	1	81	45	9	1	0.666667	0	1	0.333333	0	0	0	0	00:00:00.013
21:26:26	15.06.2015	gromacs/dummies.s	4768	0	25	106	0	2	605	163.16	12	605	163.16	12	605	163.16	12	21	2.96	1	605	163.16	12	12	2.93396	1	4	0.0754717	0	2	0.471698	0	0	72	72	70	1	3598.16	4098	0	3	15	0	2	1759	1163.33	76	1759	1163.33	76	1759	1163.33	76	1	1	1	1759	1163.33	76	4	2.4	1	0	0	0	2	1.2	0	00:00:06.6896
21:26:32	15.06.2015	gromacs/wnblist.s	448	0	3	21	0	2	208	125	35	208	125	35	208	125	35	1	1	1	208	125	35	3	2.80952	1	1	0.142857	0	3	1.38095	0	0	1	1	1	0	17.3274	323	0	2	16	0	2	208	129	50	208	129	50	208	129	50	1	1	1	208	129	50	3	2.8125	1	1	0.0625	0	3	1.625	0	00:00:00.206
21:26:33	15.06.2015	gromacs/futil.s	933	0	18	74	0	18	127	42.2778	3	127	42.2778	3	127	42.2778	3	10	1.94444	1	127	42.2778	3	5	2.17568	1	5	0.689189	0	1	0.027027	0	0	17	17	16	3	10.8311	1121	0	18	62	0	18	146	52.7222	3	146	52.7222	3	146	52.7222	3	2	1.16667	1	146	52.7222	3	5	2.48387	1	5	0.951613	0	1	0.016129	0	00:00:00.138
21:26:33	15.06.2015	gromacs/ifunc.s	341	0	1	0	0	1	45	45	45	45	45	45	45	45	45	1	1	1	45	45	45	0	0	0	0	0	0	0	0	0	0	0	0	0	0	0.155094	341	0	1	0	0	1	45	45	45	45	45	45	45	45	45	1	1	1	45	45	45	0	0	0	0	0	0	0	0	0	00:00:00.023
21:26:33	15.06.2015	gromacs/xvgr.s	1389	0	14	74	0	10	282	72.2857	5	282	72.2857	5	282	72.2857	5	2	1.28571	1	282	72.2857	5	5	2.63514	0	4	0.608108	0	2	0.445946	0	0	8	8	6	2	103.089	1191	0	10	48	0	10	320	82.6	15	320	82.6	15	320	82.6	15	2	1.2	1	320	82.6	15	5	2.97917	1	2	0.5625	0	2	0.541667	0	00:00:00.565
21:26:33	15.06.2015	gromacs/psgather.s	1080	0	3	10	0	2	399	274.333	62	399	274.333	62	399	274.333	62	2	1.33333	1	399	274.333	62	14	5.5	3	0	0	0	1	0.2	0	0	2	2	1	1	195.182	1076	0	2	9	0	2	458	410	362	458	410	362	458	410	362	2	1.5	1	458	410	362	14	5.44444	3	0	0	0	1	0.222222	0	00:00:00.642
21:26:34	15.06.2015	gromacs/clincs.s	3006	0	2	4	0	2	1200	938.5	677	1200	938.5	677	1200	938.5	677	1	1	1	1200	938.5	677	1	1	1	0	0	0	2	1	0	0	0	0	0	0	8.21807	3006	0	2	4	0	2	1200	938.5	677	1200	938.5	677	1200	938.5	677	1	1	1	1200	938.5	677	1	1	1	0	0	0	2	1	0	00:00:07.7159
21:26:41	15.06.2015	gromacs/xdrd.s	27	0	2	2	0	2	14	11	8	14	11	8	14	11	8	1	1	1	14	11	8	4	3	2	0	0	0	0	0	0	0	0	0	0	0	0.038027	27	0	2	2	0	2	14	11	8	14	11	8	14	11	8	1	1	1	14	11	8	4	3	2	0	0	0	0	0	0	00:00:00.006
21:26:41	15.06.2015	gromacs/filenm.s	3026	0	26	115	0	20	505	92.5385	10	505	92.5385	10	505	92.5385	10	5	1.46154	1	505	92.5385	10	5	2.4087	1	4	0.321739	0	2	0.634783	0	0	18	18	11	0	159.609	2205	0	20	74	0	20	505	79.9	10	505	79.9	10	505	79.9	10	1	1	1	505	79.9	10	5	2.47297	1	4	0.22973	0	2	0.77027	0	00:00:01.1177
21:26:42	15.06.2015	gromacs/innerc.s	1	0	0	0	0	0	0	0	0	0	0	0	0	0	0	0	0	0	0	0	0	0	0	0	0	0	0	0	0	0	0	0	0	0	0	0.070209	1	0	0	0	0	0	0	0	0	0	0	0	0	0	0	0	0	0	0	0	0	0	0	0	0	0	0	0	0	0	00:00:00.005
21:26:42	15.06.2015	gromacs/ghat.s	1783	0	10	46	0	5	291	123.2	5	291	123.2	5	291	123.2	5	3	1.7	1	291	123.2	5	19	3.02174	1	3	0.369565	0	3	1.02174	0	0	12	12	10	2	90.6169	1821	0	6	36	0	5	302	215.333	26	302	215.333	26	302	215.333	26	2	1.16667	1	302	215.333	26	19	2.97222	1	3	0.472222	0	3	0.888889	0	00:00:00.633
21:26:43	15.06.2015	gromacs/mshift.s	4504	0	20	62	0	10	317	179.35	23	317	179.35	23	317	179.35	23	4	1.3	1	317	179.35	23	8	3.16129	1	5	0.725806	0	2	0.370968	0	0	16	16	14	1	553.6	3297	0	11	42	0	10	328	224.818	40	328	224.818	40	328	224.818	40	1	1	1	328	224.818	40	5	2.88095	1	5	1.07143	0	2	0.166667	0	00:00:02.2192
21:26:45	15.06.2015	gromacs/atomprop.s	875	0	8	39	0	3	257	86.5	49	257	86.5	49	257	86.5	49	4	2.25	1	257	86.5	49	6	3.02564	0	4	0.384615	0	1	0.307692	0	0	15	15	6	9	12.7998	926	0	6	34	0	3	321	125.167	62	321	125.167	62	321	125.167	62	3	2	1	321	125.167	62	6	2.94118	0	4	0.441176	0	1	0.294118	0	00:00:00.180
21:26:45	15.06.2015	gromacs/xtcio.s	451	0	10	29	0	7	86	37.3	5	86	37.3	5	86	37.3	5	6	2	1	86	37.3	5	6	3.17241	1	4	0.689655	0	2	0.137931	0	0	13	13	6	7	2.1376	507	0	9	22	0	7	104	47.7778	5	104	47.7778	5	104	47.7778	5	3	1.55556	1	104	47.7778	5	6	3.22727	1	4	0.409091	0	2	0.181818	0	00:00:00.040
21:26:45	15.06.2015	gromacs/pbc.s	4616	0	23	62	0	15	530	137.435	5	530	137.435	5	530	137.435	5	10	2.56522	1	530	137.435	5	5	1.82258	1	3	0.129032	0	3	0.370968	0	0	44	44	40	4	4077.28	5154	0	16	22	0	15	539	231.625	23	539	231.625	23	539	231.625	23	3	1.1875	1	539	231.625	23	5	1.77273	1	3	0.318182	0	3	0.272727	0	00:00:07.7004
21:26:52	15.06.2015	gromacs/coupling.s	5197	0	13	30	0	6	856	260.846	19	856	260.846	19	856	260.846	19	2	1.23077	1	856	260.846	19	5	2.83333	1	4	0.2	0	2	0.133333	0	0	10	10	9	1	27508.8	5500	0	7	20	0	6	2258	529.429	19	2258	529.429	19	2258	529.429	19	1	1	1	2258	529.429	19	5	3.1	1	4	0.2	0	2	0.2	0	00:00:37.37507
21:27:30	15.06.2015	gromacs/tables.s	7944	0	8	53	0	1	747	271.375	31	747	271.375	31	747	271.375	31	2	1.125	1	747	271.375	31	8	2.86792	0	5	0.660377	0	3	0.566038	0	0	8	8	6	1	1068.96	1216	0	2	15	0	1	740	421.5	103	740	421.5	103	740	421.5	103	1	1	1	740	421.5	103	7	3.66667	0	5	1.13333	0	3	0.733333	0	00:00:06.6400
21:27:36	15.06.2015	gromacs/ffscanf.s	324	0	2	10	0	1	227	133.5	40	227	133.5	40	227	133.5	40	1	1	1	227	133.5	40	3	1.9	0	0	0	0	2	0.9	0	0	1	1	1	0	3.5497	299	0	1	9	0	1	246	246	246	246	246	246	246	246	246	1	1	1	246	246	246	3	2	0	0	0	0	2	1	0	00:00:00.109
21:27:36	15.06.2015	gromacs/replace.s	556	0	2	18	0	2	289	261	233	289	261	233	289	261	233	1	1	1	289	261	233	5	1.55556	0	4	0.444444	0	1	0.333333	0	0	0	0	0	0	1.73597	556	0	2	18	0	2	289	261	233	289	261	233	289	261	233	1	1	1	289	261	233	5	1.55556	0	4	0.444444	0	1	0.333333	0	00:00:00.385
21:27:37	15.06.2015	gromacs/network.s	296	0	24	18	0	24	23	8.58333	2	23	8.58333	2	23	8.58333	2	1	1	1	23	8.58333	2	3	3	3	2	1.94444	1	0	0	0	0	0	0	0	0	0.151765	296	0	24	18	0	24	23	8.58333	2	23	8.58333	2	23	8.58333	2	1	1	1	23	8.58333	2	3	3	3	2	1.94444	1	0	0	0	00:00:00.018
21:27:37	15.06.2015	gromacs/index.s	2564	0	12	88	0	6	767	182.583	15	767	182.583	15	767	182.583	15	10	2.41667	1	767	182.583	15	6	3.34091	0	5	0.511364	0	4	0.829545	0	0	23	23	18	2	4156.57	908	0	6	23	0	6	208	98.8333	15	208	98.8333	15	208	98.8333	15	3	1.33333	1	208	98.8333	15	5	3.52174	1	5	1.47826	0	2	0.391304	0	00:00:09.9539
21:27:46	15.06.2015	gromacs/block_tx.s	315	0	4	19	0	4	80	67.75	57	80	67.75	57	80	67.75	57	6	3.5	1	80	67.75	57	5	3.73684	3	4	1.47368	0	1	0.263158	0	0	10	10	0	10	0.20666	315	0	4	19	0	4	80	67.75	57	80	67.75	57	80	67.75	57	6	3.5	1	80	67.75	57	5	3.73684	3	4	1.47368	0	1	0.263158	0	00:00:00.022
21:27:46	15.06.2015	gromacs/maths.s	2786	0	6	9	0	6	295	112	18	295	112	18	295	112	18	1	1	1	295	112	18	1	1	1	0	0	0	0	0	0	0	0	0	0	0	2.96278	2786	0	6	9	0	6	295	112	18	295	112	18	295	112	18	1	1	1	295	112	18	1	1	1	0	0	0	0	0	0	00:00:00.527
21:27:47	15.06.2015	gromacs/stat.s	1412	0	7	73	0	5	562	167.857	4	562	167.857	4	562	167.857	4	4	1.57143	1	562	167.857	4	10	3.30137	0	4	0.178082	0	2	0.164384	0	0	6	6	2	4	36.1626	1428	0	6	71	0	5	562	198.667	4	562	198.667	4	562	198.667	4	4	1.5	1	562	198.667	4	10	3.33803	0	4	0.183099	0	2	0.140845	0	00:00:01.1285
21:27:48	15.06.2015	gromacs/tgroup.s	1526	0	14	28	0	7	218	89.6429	12	218	89.6429	12	218	89.6429	12	8	1.57143	1	218	89.6429	12	5	2.57143	0	4	0.321429	0	1	0.321429	0	0	15	15	11	1	66.8615	1056	0	8	9	0	7	370	103.5	12	370	103.5	12	370	103.5	12	1	1	1	370	103.5	12	4	2.11111	0	1	0.111111	0	1	0.444444	0	00:00:00.292
21:27:49	15.06.2015	gromacs/pdbio.s	4148	0	17	125	0	10	736	155.235	5	736	155.235	5	736	155.235	5	9	1.94118	1	736	155.235	5	9	1.832	0	4	0.104	0	1	0.408	0	0	23	23	20	3	1585.01	3269	0	11	83	0	10	753	166.273	5	753	166.273	5	753	166.273	5	2	1.18182	1	753	166.273	5	9	1.91566	0	4	0.13253	0	1	0.590361	0	00:00:06.6141
21:27:55	15.06.2015	gromacs/rmpbc.s	262	0	2	8	0	1	188	105.5	23	188	105.5	23	188	105.5	23	1	1	1	188	105.5	23	5	3.25	1	1	0.125	0	1	0.125	0	0	1	1	1	0	0.620466	258	0	1	7	0	1	208	208	208	208	208	208	208	208	208	1	1	1	208	208	208	5	3.42857	1	1	0.142857	0	0	0	0	00:00:00.067
21:27:55	15.06.2015	gromacs/invblock.s	118	0	1	1	0	1	96	96	96	96	96	96	96	96	96	1	1	1	96	96	96	5	5	5	4	4	4	0	0	0	0	0	0	0	0	0.091758	118	0	1	1	0	1	96	96	96	96	96	96	96	96	96	1	1	1	96	96	96	5	5	5	4	4	4	0	0	0	00:00:00.023
21:27:55	15.06.2015	gromacs/pme.s	6290	0	14	57	0	13	701	234.714	13	701	234.714	13	701	234.714	13	4	1.92857	1	701	234.714	13	12	4.33333	1	4	1	0	3	0.210526	0	0	14	14	9	3	839.995	6153	0	13	41	0	13	701	244.692	13	701	244.692	13	701	244.692	13	2	1.23077	1	701	244.692	13	11	4.26829	1	4	1.04878	0	3	0.292683	0	00:00:03.3734
21:27:59	15.06.2015	gromacs/comlib.s	129	0	4	2	0	4	27	25.75	24	27	25.75	24	27	25.75	24	2	1.5	1	27	25.75	24	1	0.5	0	0	0	0	1	1	1	0	2	2	1	1	0.435226	142	0	4	1	0	4	40	29	24	40	29	24	40	29	24	2	1.25	1	40	29	24	0	0	0	0	0	0	1	1	1	00:00:00.015
21:27:59	15.06.2015	gromacs/csettle.s	2537	0	1	12	0	1	1119	1119	1119	1119	1119	1119	1119	1119	1119	1	1	1	1119	1119	1119	3	1.5	1	1	0.25	0	1	0.583333	0	0	0	0	0	0	3.58168	2537	0	1	12	0	1	1119	1119	1119	1119	1119	1119	1119	1119	1119	1	1	1	1119	1119	1119	3	1.5	1	1	0.25	0	1	0.583333	0	00:00:01.1473
21:28:00	15.06.2015	gromacs/shift_util.s	5443	0	29	90	0	23	496	99.6897	5	496	99.6897	5	496	99.6897	5	3	1.48276	1	496	99.6897	5	5	2.4	1	4	0.177778	0	3	0.655556	0	0	20	20	18	2	1844.64	5621	0	23	72	0	23	759	133.696	13	759	133.696	13	759	133.696	13	2	1.08696	1	759	133.696	13	5	2.41667	1	4	0.222222	0	3	0.388889	0	00:00:04.4386
21:28:04	15.06.2015	gromacs/calcvir.s	1445	0	4	13	0	2	489	222	31	489	222	31	489	222	31	6	3	1	489	222	31	9	3.92308	1	1	0.0769231	0	0	0	0	0	10	10	10	1	141.109	1122	0	3	4	0	2	631	322.667	31	631	322.667	31	631	322.667	31	1	1	1	631	322.667	31	4	1.75	1	0	0	0	0	0	0	00:00:00.369
21:28:05	15.06.2015	gromacs/splittop.s	1156	0	5	24	0	3	685	214.4	33	685	214.4	33	685	214.4	33	5	2	1	685	214.4	33	5	4.25	3	5	1.08333	0	3	0.583333	0	0	7	7	4	1	74.592	975	0	3	15	0	3	667	298.667	45	667	298.667	45	667	298.667	45	2	1.33333	1	667	298.667	45	5	4.53333	3	5	1.33333	0	3	0.866667	0	00:00:02.2612
21:28:07	15.06.2015	gromacs/xutils.s	2716	0	16	81	0	7	612	114.125	12	612	114.125	12	612	114.125	12	2	1.1875	1	612	114.125	12	8	2.60494	0	4	0.666667	0	2	0.37037	0	0	12	12	11	1	1350.2	1169	0	8	28	0	7	250	98.875	12	250	98.875	12	250	98.875	12	1	1	1	250	98.875	12	6	2.14286	0	4	0.392857	0	1	0.0357143	0	00:00:03.3106
21:28:11	15.06.2015	gromacs/typedefs.s	947	0	11	39	0	11	235	73.0909	7	235	73.0909	7	235	73.0909	7	4	1.72727	1	235	73.0909	7	5	3.48718	1	5	1.23077	0	1	0.179487	0	0	8	8	6	2	5.62945	953	0	11	34	0	11	235	74.2727	7	235	74.2727	7	235	74.2727	7	2	1.18182	1	235	74.2727	7	5	3.79412	1	5	1.35294	0	1	0.205882	0	00:00:00.182
21:28:11	15.06.2015	gromacs/vec.s	99	0	2	1	0	2	37	35	33	37	35	33	37	35	33	1	1	1	37	35	33	1	1	1	0	0	0	1	1	1	0	0	0	0	0	0.101214	99	0	2	1	0	2	37	35	33	37	35	33	37	35	33	1	1	1	37	35	33	1	1	1	0	0	0	1	1	1	00:00:00.013
21:28:11	15.06.2015	gromacs/symtab.s	858	0	11	25	0	8	177	68.8182	4	177	68.8182	4	177	68.8182	4	3	1.27273	1	177	68.8182	4	5	2.64	0	5	0.36	0	2	0.44	0	0	6	6	5	1	13.1325	561	0	8	14	0	8	122	60.375	4	122	60.375	4	122	60.375	4	2	1.125	1	122	60.375	4	4	3.35714	1	0	0	0	2	0.642857	0	00:00:00.140
21:28:11	15.06.2015	gromacs/shakef.s	2789	0	7	29	0	3	521	204.286	5	521	204.286	5	521	204.286	5	3	1.71429	1	521	204.286	5	13	3.24138	1	4	0.62069	0	2	0.827586	0	0	9	9	7	1	39.8131	2553	0	3	18	0	3	521	413.667	357	521	413.667	357	521	413.667	357	2	1.33333	1	521	413.667	357	13	3.83333	1	4	0.944444	0	2	0.944444	0	00:00:01.1291
21:28:12	15.06.2015	gromacs/gbutil.s	1845	0	10	31	0	5	416	133.3	5	416	133.3	5	416	133.3	5	3	1.9	1	416	133.3	5	6	1.93548	1	1	0.0322581	0	2	0.580645	0	0	14	14	13	3	73.4855	1975	0	7	21	0	5	425	209.429	5	425	209.429	5	425	209.429	5	2	1.14286	1	425	209.429	5	5	1.66667	1	1	0.047619	0	2	0.666667	0	00:00:01.1115
21:28:13	15.06.2015	gromacs/psspread.s	1332	0	4	24	0	1	621	176	5	621	176	5	621	176	5	7	2.5	1	621	176	5	6	2.33333	1	4	0.291667	0	3	0.708333	0	0	9	9	8	1	1177.02	1336	0	2	16	0	1	694	355	16	694	355	16	694	355	16	1	1	1	694	355	16	6	2.6875	1	4	0.4375	0	2	0.3125	0	00:00:02.2492
21:28:16	15.06.2015	gromacs/pullio.s	2436	0	10	134	0	6	700	172.6	16	700	172.6	16	700	172.6	16	7	1.6	1	700	172.6	16	6	3.05224	1	3	0.776119	0	2	0.201493	0	0	10	10	9	1	451.3	2688	0	7	125	0	6	711	283	47	711	283	47	711	283	47	1	1	1	711	283	47	6	3.088	1	3	0.832	0	2	0.152	0	00:00:06.6608
21:28:22	15.06.2015	gromacs/string2.s	872	0	13	34	0	13	287	60.7692	7	287	60.7692	7	287	60.7692	7	3	1.23077	1	287	60.7692	7	5	2	1	4	0.5	0	2	0.382353	0	0	3	3	2	1	6.92878	881	0	13	32	0	13	287	61.4615	12	287	61.4615	12	287	61.4615	12	2	1.07692	1	287	61.4615	12	5	2.0625	1	4	0.53125	0	2	0.40625	0	00:00:00.253
21:28:23	15.06.2015	gromacs/viewit.s	316	0	3	19	0	3	115	78	38	115	78	38	115	78	38	3	2	1	115	78	38	3	1.68421	0	1	0.368421	0	1	0.263158	0	0	3	3	2	1	5.72197	350	0	3	18	0	3	115	89.3333	38	115	89.3333	38	115	89.3333	38	2	1.33333	1	115	89.3333	38	3	1.61111	0	1	0.388889	0	1	0.222222	0	00:00:00.075
21:28:23	15.06.2015	gromacs/ewald_util.s	2176	0	6	24	0	2	712	157.5	31	712	157.5	31	712	157.5	31	2	1.33333	1	712	157.5	31	3	2	1	2	0.0833333	0	3	1.125	0	0	6	6	5	1	9590.57	2246	0	3	19	0	2	907	339.333	44	907	339.333	44	907	339.333	44	1	1	1	907	339.333	44	3	1.89474	1	2	0.105263	0	3	0.842105	0	00:00:13.13470
21:28:36	15.06.2015	gromacs/init_sh.s	1028	0	2	18	0	1	770	430	90	770	430	90	770	430	90	2	1.5	1	770	430	90	5	3.22222	3	1	0.111111	0	1	0.611111	0	0	2	2	1	1	63.1776	1041	0	2	17	0	1	783	436.5	90	783	436.5	90	783	436.5	90	1	1	1	783	436.5	90	5	3.23529	3	1	0.117647	0	1	0.588235	0	00:00:03.3608
21:28:40	15.06.2015	gromacs/vcm.s	3279	0	18	51	0	4	641	139.333	5	641	139.333	5	641	139.333	5	4	1.5	1	641	139.333	5	5	2.84314	1	5	0.764706	0	2	0.666667	0	0	23	23	22	1	7022.83	3592	0	5	28	0	4	1522	568	31	1522	568	31	1522	568	31	1	1	1	1522	568	31	5	3.53571	1	5	1.32143	0	1	0.5	0	00:00:09.9906
21:28:50	15.06.2015	gromacs/glaasje.s	1503	0	1	14	0	1	427	427	427	427	427	427	427	427	427	1	1	1	427	427	427	5	2.14286	1	4	1	0	1	0.285714	0	0	0	0	0	0	1.39054	1503	0	1	14	0	1	427	427	427	427	427	427	427	427	427	1	1	1	427	427	427	5	2.14286	1	4	1	0	1	0.285714	0	00:00:00.603
21:28:50	15.06.2015	gromacs/txtdump.s	7317	0	35	318	0	20	984	114.743	5	984	114.743	5	984	114.743	5	52	6.17143	1	984	114.743	5	6	3.22327	1	3	0.481132	0	2	0.273585	0	0	196	196	181	12	2439.65	8355	0	21	197	0	20	2123	242.762	5	2123	242.762	5	2123	242.762	5	6	1.52381	1	2123	242.762	5	5	3.0203	1	2	0.720812	0	2	0.243655	0	00:00:16.16587
21:29:07	15.06.2015	gromacs/mdebin.s	3501	0	9	115	0	4	1157	311.111	5	1157	311.111	5	1157	311.111	5	2	1.22222	1	1157	311.111	5	8	3.6	0	4	0.391304	0	3	0.278261	0	0	7	7	5	1	77.8219	3427	0	5	102	0	4	1157	546.2	24	1157	546.2	24	1157	546.2	24	1	1	1	1157	546.2	24	8	3.7549	0	4	0.382353	0	3	0.294118	0	00:00:22.22577
21:29:30	15.06.2015	gromacs/rbin.s	422	0	7	4	0	7	113	53.2857	7	113	53.2857	7	113	53.2857	7	1	1	1	113	53.2857	7	5	4.5	3	5	2.75	0	0	0	0	0	0	0	0	0	0.218382	422	0	7	4	0	7	113	53.2857	7	113	53.2857	7	113	53.2857	7	1	1	1	113	53.2857	7	5	4.5	3	5	2.75	0	0	0	0	00:00:00.048
21:29:30	15.06.2015	gromacs/binio.s	109	0	2	8	0	2	46	46	46	46	46	46	46	46	46	1	1	1	46	46	46	4	2	0	1	0.25	0	0	0	0	0	0	0	0	0	0.22506	109	0	2	8	0	2	46	46	46	46	46	46	46	46	46	1	1	1	46	46	46	4	2	0	1	0.25	0	0	0	0	00:00:00.015
21:29:30	15.06.2015	gromacs/nsb.s	598	0	3	14	0	3	227	178.333	110	227	178.333	110	227	178.333	110	2	1.33333	1	227	178.333	110	3	2.85714	2	1	0.571429	0	1	0.214286	0	0	1	1	0	1	0.526141	598	0	3	14	0	3	227	178.333	110	227	178.333	110	227	178.333	110	2	1.33333	1	227	178.333	110	3	2.85714	2	1	0.571429	0	1	0.214286	0	00:00:00.168
21:29:30	15.06.2015	gromacs/wgms.s	263	0	2	8	0	2	106	102.5	99	106	102.5	99	106	102.5	99	1	1	1	106	102.5	99	3	3	3	0	0	0	2	1	0	0	0	0	0	0	0.15321	263	0	2	8	0	2	106	102.5	99	106	102.5	99	106	102.5	99	1	1	1	106	102.5	99	3	3	3	0	0	0	2	1	0	00:00:00.045
21:29:30	15.06.2015	sphinx3/lmclass.s	1221	0	9	62	0	7	500	98.4444	11	500	98.4444	11	500	98.4444	11	2	1.11111	1	500	98.4444	11	4	2.67742	1	4	0.709677	0	3	1.1129	0	0	3	3	2	1	73.2874	1148	0	8	57	0	7	513	102	11	513	102	11	513	102	11	1	1	1	513	102	11	4	2.66667	1	4	0.631579	0	3	1.14035	0	00:00:01.1610
21:29:31	15.06.2015	sphinx3/agc.s	119	0	1	1	0	1	76	76	76	76	76	76	76	76	76	1	1	1	76	76	76	4	4	4	4	4	4	0	0	0	0	0	0	0	0	0.081867	119	0	1	1	0	1	76	76	76	76	76	76	76	76	76	1	1	1	76	76	76	4	4	4	4	4	4	0	0	0	00:00:00.018
21:29:31	15.06.2015	sphinx3/hash.s	1003	0	14	29	0	7	123	66.7143	23	123	66.7143	23	123	66.7143	23	4	1.5	1	123	66.7143	23	5	2.62069	1	4	0.551724	0	2	0.241379	0	0	14	14	13	0	63.3781	647	0	7	10	0	7	115	86.4286	66	115	86.4286	66	115	86.4286	66	1	1	1	115	86.4286	66	4	1.5	1	3	0.3	0	2	0.5	0	00:00:00.192
21:29:32	15.06.2015	sphinx3/utt.s	3739	0	8	145	0	7	1237	419.375	32	1237	419.375	32	1237	419.375	32	5	2.125	1	1237	419.375	32	10	2.73793	1	4	0.275862	0	2	0.42069	0	0	10	10	5	5	291.009	3832	0	8	140	0	7	1262	431	32	1262	431	32	1262	431	32	3	1.5	1	1262	431	32	10	2.75714	1	4	0.285714	0	2	0.371429	0	00:00:20.20124
21:29:52	15.06.2015	sphinx3/cmn_prior.s	427	0	1	6	0	1	261	261	261	261	261	261	261	261	261	1	1	1	261	261	261	4	3	2	3	2.33333	1	0	0	0	0	0	0	0	0	0.550823	427	0	1	6	0	1	261	261	261	261	261	261	261	261	261	1	1	1	261	261	261	4	3	2	3	2.33333	1	0	0	0	00:00:00.166
21:29:52	15.06.2015	sphinx3/lextree.s	3780	2	15	86	2	11	1496	239.267	30	1496	239.267	30	1496	239.267	30	6	1.46667	1	1496	239.267	30	7	3.02326	1	4	0.395349	0	3	0.697674	0	2	13	9	8	1	78117.6	4154	2	14	97	2	11	1904	283.143	30	1904	283.143	30	1904	283.143	30	1	1	1	1904	283.143	30	7	2.83505	1	4	0.701031	0	3	0.835052	0	00:01:42.102663
21:31:35	15.06.2015	sphinx3/profile.s	387	0	11	26	0	11	96	25.9091	4	96	25.9091	4	96	25.9091	4	2	1.18182	1	96	25.9091	4	4	2.07692	1	3	0.923077	0	1	0.153846	0	0	2	2	1	1	0.474564	391	0	11	25	0	11	96	26.2727	4	96	26.2727	4	96	26.2727	4	2	1.09091	1	96	26.2727	4	4	2.12	1	3	0.96	0	1	0.12	0	00:00:00.042
21:31:35	15.06.2015	sphinx3/cmn.s	562	0	2	5	0	2	350	180	10	350	180	10	350	180	10	1	1	1	350	180	10	4	2.2	1	3	0.6	0	1	0.2	0	0	0	0	0	0	0.860667	562	0	2	5	0	2	350	180	10	350	180	10	350	180	10	1	1	1	350	180	10	4	2.2	1	3	0.6	0	1	0.2	0	00:00:00.313
21:31:35	15.06.2015	sphinx3/dict2pid.s	2759	0	9	113	0	4	1122	286.889	87	1122	286.889	87	1122	286.889	87	4	1.33333	1	1122	286.889	87	6	2.84071	1	4	0.238938	0	3	0.663717	0	0	8	8	4	4	5818.33	2478	0	5	93	0	4	1210	461	94	1210	461	94	1210	461	94	4	1.6	1	1210	461	94	6	2.86022	1	4	0.290323	0	3	0.591398	0	00:00:17.17730
21:31:53	15.06.2015	sphinx3/bio.s	972	0	10	70	0	6	230	80.2	25	230	80.2	25	230	80.2	25	3	1.2	1	230	80.2	25	6	2.68571	1	4	0.942857	0	1	0.257143	0	0	6	6	5	1	16.7965	885	0	7	58	0	6	261	103.143	25	261	103.143	25	261	103.143	25	1	1	1	261	103.143	25	4	2.7069	1	4	0.896552	0	1	0.293103	0	00:00:00.210
21:31:53	15.06.2015	sphinx3/kbcore.s	1377	0	2	96	0	2	1001	568	135	1001	568	135	1001	568	135	1	1	1	1001	568	135	9	2.375	1	4	0.8125	0	1	0.03125	0	0	0	0	0	0	4.20509	1377	0	2	96	0	2	1001	568	135	1001	568	135	1001	568	135	1	1	1	1001	568	135	9	2.375	1	4	0.8125	0	1	0.03125	0	00:00:14.14419
21:32:07	15.06.2015	sphinx3/str2words.s	185	0	1	2	0	1	162	162	162	162	162	162	162	162	162	1	1	1	162	162	162	0	0	0	0	0	0	2	2	2	0	0	0	0	0	0.21335	185	0	1	2	0	1	162	162	162	162	162	162	162	162	162	1	1	1	162	162	162	0	0	0	0	0	0	2	2	2	00:00:00.081
21:32:07	15.06.2015	sphinx3/ascr.s	48	0	1	2	0	1	34	34	34	34	34	34	34	34	34	1	1	1	34	34	34	4	4	4	4	3.5	3	0	0	0	0	0	0	0	0	0.057466	48	0	1	2	0	1	34	34	34	34	34	34	34	34	34	1	1	1	34	34	34	4	4	4	4	3.5	3	0	0	0	00:00:00.006
21:32:07	15.06.2015	sphinx3/parse_args_file.s	813	0	2	25	0	2	182	94	6	182	94	6	182	94	6	1	1	1	182	94	6	5	2.08	1	4	0.4	0	2	0.68	0	0	0	0	0	0	0.42738	813	0	2	25	0	2	182	94	6	182	94	6	182	94	6	1	1	1	182	94	6	5	2.08	1	4	0.4	0	2	0.68	0	00:00:00.091
21:32:08	15.06.2015	sphinx3/beam.s	55	0	1	5	0	1	40	40	40	40	40	40	40	40	40	1	1	1	40	40	40	4	1.6	1	4	0.8	0	0	0	0	0	0	0	0	0	0.066186	55	0	1	5	0	1	40	40	40	40	40	40	40	40	40	1	1	1	40	40	40	4	1.6	1	4	0.8	0	0	0	0	00:00:00.005
21:32:08	15.06.2015	sphinx3/wid.s	695	0	2	24	0	2	514	305	96	514	305	96	514	305	96	1	1	1	514	305	96	4	2.54167	2	4	0.291667	0	2	1.125	0	0	0	0	0	0	3.31773	695	0	2	24	0	2	514	305	96	514	305	96	514	305	96	1	1	1	514	305	96	4	2.54167	2	4	0.291667	0	2	1.125	0	00:00:01.1209
21:32:09	15.06.2015	sphinx3/lm.s	6416	0	25	277	0	16	1826	234.88	9	1826	234.88	9	1826	234.88	9	13	1.88	1	1826	234.88	9	7	2.51264	0	4	0.595668	0	2	0.216606	0	0	31	31	8	23	18610.5	5844	0	20	251	0	16	1807	266.9	9	1807	266.9	9	1807	266.9	9	12	1.95	1	1807	266.9	9	7	2.55378	0	4	0.653386	0	2	0.211155	0	00:01:28.88005
21:33:37	15.06.2015	sphinx3/io.s	700	0	7	55	0	7	187	82.1429	14	187	82.1429	14	187	82.1429	14	2	1.14286	1	187	82.1429	14	4	2.05455	0	3	0.709091	0	1	0.145455	0	0	1	1	0	1	0.429029	700	0	7	55	0	7	187	82.1429	14	187	82.1429	14	187	82.1429	14	2	1.14286	1	187	82.1429	14	4	2.05455	0	3	0.709091	0	1	0.145455	0	00:00:00.201
21:33:37	15.06.2015	sphinx3/tmat.s	912	0	5	53	0	5	412	147.4	26	412	147.4	26	412	147.4	26	2	1.2	1	412	147.4	26	6	2.83019	1	4	0.320755	0	3	0.415094	0	0	1	1	1	0	7.36273	900	0	5	44	0	5	400	145	26	400	145	26	400	145	26	1	1	1	400	145	26	6	2.95455	1	4	0.386364	0	3	0.5	0	00:00:00.650
21:33:38	15.06.2015	sphinx3/spec_main_live_pretend.s	674	0	1	47	0	1	541	541	541	541	541	541	541	541	541	1	1	1	541	541	541	4	2.10638	1	3	0.12766	0	3	0.723404	0	0	0	0	0	0	1.0537	674	0	1	47	0	1	541	541	541	541	541	541	541	541	541	1	1	1	541	541	541	4	2.10638	1	3	0.12766	0	3	0.723404	0	00:00:01.1097
21:33:39	15.06.2015	sphinx3/logs3.s	565	0	9	33	0	9	163	37.1111	3	163	37.1111	3	163	37.1111	3	1	1	1	163	37.1111	3	4	2.12121	1	4	1.27273	0	1	0.0606061	0	0	0	0	0	0	0.264487	565	0	9	33	0	9	163	37.1111	3	163	37.1111	3	163	37.1111	3	1	1	1	163	37.1111	3	4	2.12121	1	4	1.27273	0	1	0.0606061	0	00:00:00.062
21:33:39	15.06.2015	sphinx3/subvq.s	2947	0	10	108	0	7	989	270	68	989	270	68	989	270	68	2	1.2	1	989	270	68	6	2.61111	0	4	0.212963	0	3	0.824074	0	0	5	5	4	1	307.5	2466	0	7	91	0	7	1032	318.571	79	1032	318.571	79	1032	318.571	79	2	1.14286	1	1032	318.571	79	6	2.67033	0	4	0.131868	0	3	0.802198	0	00:00:11.11587
21:33:50	15.06.2015	sphinx3/fillpen.s	560	0	3	27	0	3	372	145	26	372	145	26	372	145	26	1	1	1	372	145	26	4	2.14815	1	4	0.407407	0	1	0.407407	0	0	0	0	0	0	0.408471	560	0	3	27	0	3	372	145	26	372	145	26	372	145	26	1	1	1	372	145	26	4	2.14815	1	4	0.407407	0	1	0.407407	0	00:00:00.420
21:33:51	15.06.2015	sphinx3/hmm.s	1332	0	6	49	0	5	537	208.667	32	537	208.667	32	537	208.667	32	30	6.5	1	537	208.667	32	5	2.40816	1	3	0.102041	0	1	0.0816327	0	0	34	34	32	3	75.9287	2871	0	6	18	0	5	1107	465.167	32	1107	465.167	32	1107	465.167	32	3	1.33333	1	1107	465.167	32	5	3	1	3	0.277778	0	1	0.222222	0	00:00:01.1857
21:33:53	15.06.2015	sphinx3/err.s	186	0	8	37	0	8	26	18.375	11	26	18.375	11	26	18.375	11	1	1	1	26	18.375	11	3	1.48649	0	1	0.243243	0	0	0	0	0	0	0	0	0	0.085672	186	0	8	37	0	8	26	18.375	11	26	18.375	11	26	18.375	11	1	1	1	26	18.375	11	3	1.48649	0	1	0.243243	0	0	0	0	00:00:00.011
21:33:53	15.06.2015	sphinx3/unlimit.s	17	0	1	2	0	1	10	10	10	10	10	10	10	10	10	1	1	1	10	10	10	2	2	2	1	1	1	0	0	0	0	0	0	0	0	0.040522	17	0	1	2	0	1	10	10	10	10	10	10	10	10	10	1	1	1	10	10	10	2	2	2	1	1	1	0	0	0	00:00:00.007
21:33:53	15.06.2015	sphinx3/approx_cont_mgau.s	857	0	4	16	0	4	453	199.5	49	453	199.5	49	453	199.5	49	3	1.75	1	453	199.5	49	9	4.0625	1	1	0.125	0	1	0.3125	0	0	3	3	1	2	26.0546	874	0	4	15	0	4	470	203.75	49	470	203.75	49	470	203.75	49	3	1.5	1	470	203.75	49	9	4	1	1	0.133333	0	1	0.333333	0	00:00:00.775
21:33:54	15.06.2015	sphinx3/ckd_alloc.s	789	0	11	29	0	11	244	65.2727	11	244	65.2727	11	244	65.2727	11	6	2.18182	1	244	65.2727	11	4	2.31034	1	3	0.413793	0	0	0	0	0	13	13	4	9	2.63793	804	0	11	25	0	11	244	66.6364	11	244	66.6364	11	244	66.6364	11	5	1.81818	1	244	66.6364	11	4	2.52	1	3	0.48	0	0	0	0	00:00:00.132
21:33:54	15.06.2015	sphinx3/heap.s	402	2	7	11	2	5	122	51.5714	11	122	51.5714	11	122	51.5714	11	2	1.14286	1	122	51.5714	11	4	2.45455	1	4	0.909091	0	1	0.0909091	0	2	7	1	1	0	0.510402	422	2	7	10	2	5	122	54.4286	11	122	54.4286	11	122	54.4286	11	1	1	1	122	54.4286	11	4	2.4	1	4	1	0	0	0	0	00:00:00.063
21:33:54	15.06.2015	sphinx3/specrand.s	61	0	2	0	0	2	41	23	5	41	23	5	41	23	5	1	1	1	41	23	5	0	0	0	0	0	0	0	0	0	0	0	0	0	0	0.079436	61	0	2	0	0	2	41	23	5	41	23	5	41	23	5	1	1	1	41	23	5	0	0	0	0	0	0	0	0	0	00:00:00.012
21:33:54	15.06.2015	sphinx3/kb.s	3094	0	5	208	0	5	1923	524.8	41	1923	524.8	41	1923	524.8	41	2	1.2	1	1923	524.8	41	28	2.19231	1	4	0.230769	0	2	0.158654	0	0	1	1	0	1	18.6615	3094	0	5	208	0	5	1923	524.8	41	1923	524.8	41	1923	524.8	41	2	1.2	1	1923	524.8	41	28	2.19231	1	4	0.230769	0	2	0.158654	0	00:01:04.64095
21:34:58	15.06.2015	sphinx3/case.s	183	0	3	0	0	3	90	54.6667	37	90	54.6667	37	90	54.6667	37	1	1	1	90	54.6667	37	0	0	0	0	0	0	0	0	0	0	0	0	0	0	0.952537	183	0	3	0	0	3	90	54.6667	37	90	54.6667	37	90	54.6667	37	1	1	1	90	54.6667	37	0	0	0	0	0	0	0	0	0	00:00:00.038
21:34:58	15.06.2015	perlbench/locale.s	113	0	8	5	0	8	44	8.375	2	44	8.375	2	44	8.375	2	2	1.125	1	44	8.375	2	3	1.8	1	3	1.2	0	0	0	0	0	1	1	0	1	0.150939	113	0	8	5	0	8	44	8.375	2	44	8.375	2	44	8.375	2	2	1.125	1	44	8.375	2	3	1.8	1	3	1.2	0	0	0	0	00:00:00.013
21:34:58	15.06.2015	perlbench/perlapi.s	1	0	0	0	0	0	0	0	0	0	0	0	0	0	0	0	0	0	0	0	0	0	0	0	0	0	0	0	0	0	0	0	0	0	0	0.074314	1	0	0	0	0	0	0	0	0	0	0	0	0	0	0	0	0	0	0	0	0	0	0	0	0	0	0	0	0	0	00:00:00.011
21:34:58	15.06.2015	perlbench/stdio.s	32	0	3	3	0	3	9	7	5	9	7	5	9	7	5	1	1	1	9	7	5	3	2	1	1	0.333333	0	0	0	0	0	0	0	0	0	0.079625	32	0	3	3	0	3	9	7	5	9	7	5	9	7	5	1	1	1	9	7	5	3	2	1	1	0.333333	0	0	0	0	00:00:00.006
21:34:58	15.06.2015	perlbench/deb.s	124	0	6	3	0	5	49	12.5	2	49	12.5	2	49	12.5	2	1	1	1	49	12.5	2	5	2.66667	0	1	0.666667	0	0	0	0	0	1	1	1	0	0.32351	120	0	5	2	0	5	58	14.4	2	58	14.4	2	58	14.4	2	1	1	1	58	14.4	2	3	1.5	0	1	0.5	0	0	0	0	00:00:00.017
21:34:58	15.06.2015	perlbench/specrand.s	61	0	2	0	0	2	41	23	5	41	23	5	41	23	5	1	1	1	41	23	5	0	0	0	0	0	0	0	0	0	0	0	0	0	0	0.074679	61	0	2	0	0	2	41	23	5	41	23	5	41	23	5	1	1	1	41	23	5	0	0	0	0	0	0	0	0	0	00:00:00.009
21:34:58	15.06.2015	perlbench/taint.s	788	0	2	23	0	2	514	322	130	514	322	130	514	322	130	7	4	1	514	322	130	4	2.04348	1	3	0.782609	0	1	0.26087	0	0	6	6	5	1	108.473	838	0	2	18	0	2	564	347	130	564	347	130	564	347	130	2	1.5	1	564	347	130	4	2.05556	1	3	0.666667	0	1	0.277778	0	00:00:03.3613
21:35:02	15.06.2015	perlbench/pad.s	4837	1	21	123	1	19	881	216.143	3	881	216.143	3	881	216.143	3	3	1.33333	1	881	216.143	3	4	1.86992	0	2	0.333333	0	2	0.333333	0	1	10	8	3	6	3223.13	4943	1	21	125	1	19	987	221.19	3	987	221.19	3	987	221.19	3	3	1.2381	1	987	221.19	3	4	1.872	0	2	0.336	0	2	0.352	0	00:00:16.16638
21:35:18	15.06.2015	milc/byterevn.s	71	0	1	0	0	1	54	54	54	54	54	54	54	54	54	1	1	1	54	54	54	0	0	0	0	0	0	0	0	0	0	0	0	0	0	0.150907	71	0	1	0	0	1	54	54	54	54	54	54	54	54	54	1	1	1	54	54	54	0	0	0	0	0	0	0	0	0	00:00:00.012
21:35:18	15.06.2015	milc/layout_hyper.s	378	0	4	11	0	4	212	79	5	212	79	5	212	79	5	1	1	1	212	79	5	2	1.45455	1	1	0.272727	0	1	0.363636	0	0	0	0	0	0	0.362619	378	0	4	11	0	4	212	79	5	212	79	5	212	79	5	1	1	1	212	79	5	2	1.45455	1	1	0.272727	0	1	0.363636	0	00:00:00.135
21:35:18	15.06.2015	milc/grsource_imp.s	436	0	2	13	0	2	203	169	135	203	169	135	203	169	135	1	1	1	203	169	135	5	2.46154	1	1	0.153846	0	2	0.769231	0	0	0	0	0	0	0.289836	436	0	2	13	0	2	203	169	135	203	169	135	203	169	135	1	1	1	203	169	135	5	2.46154	1	1	0.153846	0	2	0.769231	0	00:00:00.104
21:35:19	15.06.2015	milc/ranstuff.s	262	0	2	0	0	2	142	118.5	95	142	118.5	95	142	118.5	95	1	1	1	142	118.5	95	0	0	0	0	0	0	0	0	0	0	0	0	0	0	0.148578	262	0	2	0	0	2	142	118.5	95	142	118.5	95	142	118.5	95	1	1	1	142	118.5	95	0	0	0	0	0	0	0	0	0	00:00:00.014
21:35:19	15.06.2015	milc/mat_invert.s	756	0	3	27	0	3	311	182.667	86	311	182.667	86	311	182.667	86	1	1	1	311	182.667	86	7	2.66667	1	2	0.555556	0	2	0.444444	0	0	0	0	0	0	0.562905	756	0	3	27	0	3	311	182.667	86	311	182.667	86	311	182.667	86	1	1	1	311	182.667	86	7	2.66667	1	2	0.555556	0	2	0.444444	0	00:00:00.229
21:35:19	15.06.2015	milc/m_amatvec.s	444	0	1	0	0	1	269	269	269	269	269	269	269	269	269	1	1	1	269	269	269	0	0	0	0	0	0	0	0	0	0	0	0	0	0	0.354815	444	0	1	0	0	1	269	269	269	269	269	269	269	269	269	1	1	1	269	269	269	0	0	0	0	0	0	0	0	0	00:00:00.071
21:35:19	15.06.2015	milc/m_mv_s_4dir.s	707	0	1	0	0	1	352	352	352	352	352	352	352	352	352	1	1	1	352	352	352	0	0	0	0	0	0	0	0	0	0	0	0	0	0	0.488305	707	0	1	0	0	1	352	352	352	352	352	352	352	352	352	1	1	1	352	352	352	0	0	0	0	0	0	0	0	0	00:00:00.156
21:35:19	15.06.2015	milc/sub4vecs.s	451	0	1	0	0	1	444	444	444	444	444	444	444	444	444	1	1	1	444	444	444	0	0	0	0	0	0	0	0	0	0	0	0	0	0	0.170547	451	0	1	0	0	1	444	444	444	444	444	444	444	444	444	1	1	1	444	444	444	0	0	0	0	0	0	0	0	0	00:00:00.022
21:35:19	15.06.2015	milc/uncmp_ahmat.s	278	0	1	0	0	1	261	261	261	261	261	261	261	261	261	1	1	1	261	261	261	0	0	0	0	0	0	0	0	0	0	0	0	0	0	0.130425	278	0	1	0	0	1	261	261	261	261	261	261	261	261	261	1	1	1	261	261	261	0	0	0	0	0	0	0	0	0	00:00:00.018
21:35:19	15.06.2015	milc/subvec.s	102	0	1	0	0	1	78	78	78	78	78	78	78	78	78	1	1	1	78	78	78	0	0	0	0	0	0	0	0	0	0	0	0	0	0	0.067141	102	0	1	0	0	1	78	78	78	78	78	78	78	78	78	1	1	1	78	78	78	0	0	0	0	0	0	0	0	0	00:00:00.013
21:35:19	15.06.2015	milc/addmat.s	147	0	1	0	0	1	111	111	111	111	111	111	111	111	111	1	1	1	111	111	111	0	0	0	0	0	0	0	0	0	0	0	0	0	0	0.126896	147	0	1	0	0	1	111	111	111	111	111	111	111	111	111	1	1	1	111	111	111	0	0	0	0	0	0	0	0	0	00:00:00.036
21:35:19	15.06.2015	milc/dslash_fn2.s	2981	0	6	102	0	6	725	483.833	32	725	483.833	32	725	483.833	32	1	1	1	725	483.833	32	6	3.13725	1	0	0	0	1	0.892157	0	0	0	0	0	0	9.58122	2981	0	6	102	0	6	725	483.833	32	725	483.833	32	725	483.833	32	1	1	1	725	483.833	32	6	3.13725	1	0	0	0	1	0.892157	0	00:00:06.6433
21:35:26	15.06.2015	milc/m_amv_4dir.s	969	0	1	0	0	1	559	559	559	559	559	559	559	559	559	1	1	1	559	559	559	0	0	0	0	0	0	0	0	0	0	0	0	0	0	0.378478	969	0	1	0	0	1	559	559	559	559	559	559	559	559	559	1	1	1	559	559	559	0	0	0	0	0	0	0	0	0	00:00:00.237
21:35:26	15.06.2015	milc/d_plaq4.s	348	0	1	17	0	1	248	248	248	248	248	248	248	248	248	1	1	1	248	248	248	5	1.94118	1	1	0.176471	0	3	1.41176	0	0	0	0	0	0	0.283109	348	0	1	17	0	1	248	248	248	248	248	248	248	248	248	1	1	1	248	248	248	5	1.94118	1	1	0.176471	0	3	1.41176	0	00:00:00.098
21:35:26	15.06.2015	milc/make_ahmat.s	255	0	1	0	0	1	237	237	237	237	237	237	237	237	237	1	1	1	237	237	237	0	0	0	0	0	0	0	0	0	0	0	0	0	0	0.119803	255	0	1	0	0	1	237	237	237	237	237	237	237	237	237	1	1	1	237	237	237	0	0	0	0	0	0	0	0	0	00:00:00.010
21:35:26	15.06.2015	milc/io_nonansi.s	233	0	5	15	0	5	92	35.4	17	92	35.4	17	92	35.4	17	1	1	1	92	35.4	17	3	1.86667	0	2	0.533333	0	0	0	0	0	0	0	0	0	0.117284	233	0	5	15	0	5	92	35.4	17	92	35.4	17	92	35.4	17	1	1	1	92	35.4	17	3	1.86667	0	2	0.533333	0	0	0	0	00:00:00.031
21:35:26	15.06.2015	milc/s_m_a_vec.s	116	0	1	0	0	1	84	84	84	84	84	84	84	84	84	1	1	1	84	84	84	0	0	0	0	0	0	0	0	0	0	0	0	0	0	0.110251	116	0	1	0	0	1	84	84	84	84	84	84	84	84	84	1	1	1	84	84	84	0	0	0	0	0	0	0	0	0	00:00:00.015
21:35:26	15.06.2015	milc/path_product.s	847	0	1	36	0	1	809	809	809	809	809	809	809	809	809	1	1	1	809	809	809	5	2.36111	1	2	0.111111	0	2	1	0	0	0	0	0	0	4.39068	847	0	1	36	0	1	809	809	809	809	809	809	809	809	809	1	1	1	809	809	809	5	2.36111	1	2	0.111111	0	2	1	0	00:00:02.2557
21:35:29	15.06.2015	milc/update_u.s	168	0	1	14	0	1	109	109	109	109	109	109	109	109	109	1	1	1	109	109	109	4	3.28571	2	0	0	0	2	2	2	0	0	0	0	0	0.099838	168	0	1	14	0	1	109	109	109	109	109	109	109	109	109	1	1	1	109	109	109	4	3.28571	2	0	0	0	2	2	2	00:00:00.021
21:35:29	15.06.2015	milc/s_m_a_mat.s	169	0	1	0	0	1	117	117	117	117	117	117	117	117	117	1	1	1	117	117	117	0	0	0	0	0	0	0	0	0	0	0	0	0	0	0.157438	169	0	1	0	0	1	117	117	117	117	117	117	117	117	117	1	1	1	117	117	117	0	0	0	0	0	0	0	0	0	00:00:00.030
21:35:29	15.06.2015	milc/gauge_info.s	86	0	1	9	0	1	21	21	21	21	21	21	21	21	21	1	1	1	21	21	21	6	6	6	5	5	5	0	0	0	0	0	0	0	0	0.065377	86	0	1	9	0	1	21	21	21	21	21	21	21	21	21	1	1	1	21	21	21	6	6	6	5	5	5	0	0	0	00:00:00.014
21:35:29	15.06.2015	milc/check_unitarity.s	1390	0	2	22	0	2	924	588.5	253	924	588.5	253	924	588.5	253	2	1.5	1	924	588.5	253	2	1.5	1	0	0	0	4	1.81818	0	0	1	1	0	1	3.14542	1390	0	2	22	0	2	924	588.5	253	924	588.5	253	924	588.5	253	2	1.5	1	924	588.5	253	2	1.5	1	0	0	0	4	1.81818	0	00:00:02.2204
21:35:31	15.06.2015	milc/m_matvec.s	444	0	1	0	0	1	269	269	269	269	269	269	269	269	269	1	1	1	269	269	269	0	0	0	0	0	0	0	0	0	0	0	0	0	0	0.287261	444	0	1	0	0	1	269	269	269	269	269	269	269	269	269	1	1	1	269	269	269	0	0	0	0	0	0	0	0	0	00:00:00.060
21:35:31	15.06.2015	milc/su3_adjoint.s	113	0	1	0	0	1	88	88	88	88	88	88	88	88	88	1	1	1	88	88	88	0	0	0	0	0	0	0	0	0	0	0	0	0	0	0.150586	113	0	1	0	0	1	88	88	88	88	88	88	88	88	88	1	1	1	88	88	88	0	0	0	0	0	0	0	0	0	00:00:00.021
21:35:31	15.06.2015	milc/s_m_mat.s	413	0	1	0	0	1	406	406	406	406	406	406	406	406	406	1	1	1	406	406	406	0	0	0	0	0	0	0	0	0	0	0	0	0	0	0.130985	413	0	1	0	0	1	406	406	406	406	406	406	406	406	406	1	1	1	406	406	406	0	0	0	0	0	0	0	0	0	00:00:00.023
21:35:31	15.06.2015	milc/clearvec.s	64	0	1	0	0	1	51	51	51	51	51	51	51	51	51	1	1	1	51	51	51	0	0	0	0	0	0	0	0	0	0	0	0	0	0	0.100329	64	0	1	0	0	1	51	51	51	51	51	51	51	51	51	1	1	1	51	51	51	0	0	0	0	0	0	0	0	0	00:00:00.009
21:35:31	15.06.2015	milc/su3_proj.s	255	0	1	0	0	1	171	171	171	171	171	171	171	171	171	1	1	1	171	171	171	0	0	0	0	0	0	0	0	0	0	0	0	0	0	0.181638	255	0	1	0	0	1	171	171	171	171	171	171	171	171	171	1	1	1	171	171	171	0	0	0	0	0	0	0	0	0	00:00:00.046
21:35:31	15.06.2015	milc/update.s	204	0	1	10	0	1	116	116	116	116	116	116	116	116	116	1	1	1	116	116	116	7	1.6	0	0	0	0	1	0.9	0	0	0	0	0	0	0.140603	204	0	1	10	0	1	116	116	116	116	116	116	116	116	116	1	1	1	116	116	116	7	1.6	0	0	0	0	1	0.9	0	00:00:00.019
21:35:31	15.06.2015	milc/m_mat_hwvec.s	1305	0	1	0	0	1	1298	1298	1298	1298	1298	1298	1298	1298	1298	1	1	1	1298	1298	1298	0	0	0	0	0	0	0	0	0	0	0	0	0	0	0.538245	1305	0	1	0	0	1	1298	1298	1298	1298	1298	1298	1298	1298	1298	1	1	1	1298	1298	1298	0	0	0	0	0	0	0	0	0	00:00:00.039
21:35:31	15.06.2015	milc/submat.s	147	0	1	0	0	1	111	111	111	111	111	111	111	111	111	1	1	1	111	111	111	0	0	0	0	0	0	0	0	0	0	0	0	0	0	0.476764	147	0	1	0	0	1	111	111	111	111	111	111	111	111	111	1	1	1	111	111	111	0	0	0	0	0	0	0	0	0	00:00:00.039
21:35:31	15.06.2015	milc/l_su2_hit_n.s	61	0	1	1	0	1	48	48	48	48	48	48	48	48	48	1	1	1	48	48	48	3	3	3	0	0	0	1	1	1	0	0	0	0	0	0.131713	61	0	1	1	0	1	48	48	48	48	48	48	48	48	48	1	1	1	48	48	48	3	3	3	0	0	0	1	1	1	00:00:00.010
21:35:31	15.06.2015	milc/s_m_vec.s	88	0	1	0	0	1	64	64	64	64	64	64	64	64	64	1	1	1	64	64	64	0	0	0	0	0	0	0	0	0	0	0	0	0	0	0.061862	88	0	1	0	0	1	64	64	64	64	64	64	64	64	64	1	1	1	64	64	64	0	0	0	0	0	0	0	0	0	00:00:00.016
21:35:31	15.06.2015	milc/ranmom.s	70	0	1	1	0	1	49	49	49	49	49	49	49	49	49	1	1	1	49	49	49	2	2	2	0	0	0	2	2	2	0	0	0	0	0	0.133766	70	0	1	1	0	1	49	49	49	49	49	49	49	49	49	1	1	1	49	49	49	2	2	2	0	0	0	2	2	2	00:00:00.014
21:35:31	15.06.2015	milc/m_mat_nn.s	660	0	1	0	0	1	325	325	325	325	325	325	325	325	325	1	1	1	325	325	325	0	0	0	0	0	0	0	0	0	0	0	0	0	0	0.374236	660	0	1	0	0	1	325	325	325	325	325	325	325	325	325	1	1	1	325	325	325	0	0	0	0	0	0	0	0	0	00:00:00.130
21:35:31	15.06.2015	milc/m_amv_4vec.s	994	0	1	0	0	1	582	582	582	582	582	582	582	582	582	1	1	1	582	582	582	0	0	0	0	0	0	0	0	0	0	0	0	0	0	0.514485	994	0	1	0	0	1	582	582	582	582	582	582	582	582	582	1	1	1	582	582	582	0	0	0	0	0	0	0	0	0	00:00:00.238
21:35:32	15.06.2015	milc/reunitarize2.s	1422	0	4	28	0	4	1030	330.5	26	1030	330.5	26	1030	330.5	26	5	2.5	1	1030	330.5	26	3	1.53571	1	1	0.0714286	0	2	0.642857	0	0	6	6	4	2	22.8748	1495	0	4	26	0	4	1090	348.75	26	1090	348.75	26	1090	348.75	26	2	1.5	1	1090	348.75	26	2	1.53846	1	1	0.0769231	0	2	0.769231	0	00:00:00.127
21:35:32	15.06.2015	milc/m_mat_an.s	1061	0	1	0	0	1	698	698	698	698	698	698	698	698	698	1	1	1	698	698	698	0	0	0	0	0	0	0	0	0	0	0	0	0	0	0.897027	1061	0	1	0	0	1	698	698	698	698	698	698	698	698	698	1	1	1	698	698	698	0	0	0	0	0	0	0	0	0	00:00:00.411
21:35:32	15.06.2015	milc/update_h.s	86	0	1	5	0	1	68	68	68	68	68	68	68	68	68	1	1	1	68	68	68	3	2	1	1	0.6	0	0	0	0	0	0	0	0	0	0.075542	86	0	1	5	0	1	68	68	68	68	68	68	68	68	68	1	1	1	68	68	68	3	2	1	1	0.6	0	0	0	0	00:00:00.007
21:35:32	15.06.2015	milc/r_su2_hit_a.s	61	0	1	1	0	1	48	48	48	48	48	48	48	48	48	1	1	1	48	48	48	3	3	3	0	0	0	1	1	1	0	0	0	0	0	0.136477	61	0	1	1	0	1	48	48	48	48	48	48	48	48	48	1	1	1	48	48	48	3	3	3	0	0	0	1	1	1	00:00:00.015
21:35:32	15.06.2015	milc/realtr.s	138	0	1	0	0	1	88	88	88	88	88	88	88	88	88	1	1	1	88	88	88	0	0	0	0	0	0	0	0	0	0	0	0	0	0	0.115613	138	0	1	0	0	1	88	88	88	88	88	88	88	88	88	1	1	1	88	88	88	0	0	0	0	0	0	0	0	0	00:00:00.023
21:35:32	15.06.2015	milc/su3_rdot.s	137	0	1	0	0	1	130	130	130	130	130	130	130	130	130	1	1	1	130	130	130	0	0	0	0	0	0	0	0	0	0	0	0	0	0	0.113922	137	0	1	0	0	1	130	130	130	130	130	130	130	130	130	1	1	1	130	130	130	0	0	0	0	0	0	0	0	0	00:00:00.010
21:35:32	15.06.2015	milc/addvec.s	102	0	1	0	0	1	78	78	78	78	78	78	78	78	78	1	1	1	78	78	78	0	0	0	0	0	0	0	0	0	0	0	0	0	0	0.087882	102	0	1	0	0	1	78	78	78	78	78	78	78	78	78	1	1	1	78	78	78	0	0	0	0	0	0	0	0	0	00:00:00.019
21:35:32	15.06.2015	milc/gaussrand.s	119	0	1	4	0	1	54	54	54	54	54	54	54	54	54	1	1	1	54	54	54	1	1	1	0	0	0	1	0.5	0	0	0	0	0	0	0.090856	119	0	1	4	0	1	54	54	54	54	54	54	54	54	54	1	1	1	54	54	54	1	1	1	0	0	0	1	0.5	0	00:00:00.007
21:35:32	15.06.2015	milc/rand_ahmat.s	104	0	1	9	0	1	91	91	91	91	91	91	91	91	91	1	1	1	91	91	91	1	1	1	1	0.111111	0	0	0	0	0	0	0	0	0	0.081699	104	0	1	9	0	1	91	91	91	91	91	91	91	91	91	1	1	1	91	91	91	1	1	1	1	0.111111	0	0	0	0	00:00:00.012
21:35:32	15.06.2015	milc/s_m_s_mat.s	169	0	1	0	0	1	117	117	117	117	117	117	117	117	117	1	1	1	117	117	117	0	0	0	0	0	0	0	0	0	0	0	0	0	0	0.152493	169	0	1	0	0	1	117	117	117	117	117	117	117	117	117	1	1	1	117	117	117	0	0	0	0	0	0	0	0	0	00:00:00.036
21:35:32	15.06.2015	milc/m_mat_na.s	660	0	1	0	0	1	325	325	325	325	325	325	325	325	325	1	1	1	325	325	325	0	0	0	0	0	0	0	0	0	0	0	0	0	0	0.428762	660	0	1	0	0	1	325	325	325	325	325	325	325	325	325	1	1	1	325	325	325	0	0	0	0	0	0	0	0	0	00:00:00.131
21:35:32	15.06.2015	milc/m_amat_hwvec.s	1305	0	1	0	0	1	1298	1298	1298	1298	1298	1298	1298	1298	1298	1	1	1	1298	1298	1298	0	0	0	0	0	0	0	0	0	0	0	0	0	0	0.474473	1305	0	1	0	0	1	1298	1298	1298	1298	1298	1298	1298	1298	1298	1	1	1	1298	1298	1298	0	0	0	0	0	0	0	0	0	00:00:00.044
21:35:32	15.06.2015	milc/su3mat_copy.s	107	0	1	0	0	1	87	87	87	87	87	87	87	87	87	1	1	1	87	87	87	0	0	0	0	0	0	0	0	0	0	0	0	0	0	0.146491	107	0	1	0	0	1	87	87	87	87	87	87	87	87	87	1	1	1	87	87	87	0	0	0	0	0	0	0	0	0	00:00:00.028
21:35:33	15.06.2015	milc/msq_su3vec.s	93	0	1	0	0	1	85	85	85	85	85	85	85	85	85	1	1	1	85	85	85	0	0	0	0	0	0	0	0	0	0	0	0	0	0	0.130411	93	0	1	0	0	1	85	85	85	85	85	85	85	85	85	1	1	1	85	85	85	0	0	0	0	0	0	0	0	0	00:00:00.014
21:35:33	15.06.2015	milc/clear_mat.s	79	0	1	0	0	1	65	65	65	65	65	65	65	65	65	1	1	1	65	65	65	0	0	0	0	0	0	0	0	0	0	0	0	0	0	0.06844	79	0	1	0	0	1	65	65	65	65	65	65	65	65	65	1	1	1	65	65	65	0	0	0	0	0	0	0	0	0	00:00:00.010
21:35:33	15.06.2015	milc/rephase.s	431	0	2	2	0	2	170	156	142	170	156	142	170	156	142	1	1	1	170	156	142	2	1.5	1	1	1	1	0	0	0	0	0	0	0	0	0.298725	431	0	2	2	0	2	170	156	142	170	156	142	170	156	142	1	1	1	170	156	142	2	1.5	1	1	1	1	0	0	0	00:00:00.094
21:35:33	15.06.2015	milc/make_lattice.s	354	0	1	16	0	1	278	278	278	278	278	278	278	278	278	1	1	1	278	278	278	4	2	1	1	0.1875	0	4	1.1875	0	0	0	0	0	0	0.356748	354	0	1	16	0	1	278	278	278	278	278	278	278	278	278	1	1	1	278	278	278	4	2	1	1	0.1875	0	4	1.1875	0	00:00:00.153
21:35:33	15.06.2015	hmmer/revcomp.s	144	0	1	4	0	1	109	109	109	109	109	109	109	109	109	1	1	1	109	109	109	2	1	0	0	0	0	1	0.75	0	0	0	0	0	0	0.173631	144	0	1	4	0	1	109	109	109	109	109	109	109	109	109	1	1	1	109	109	109	2	1	0	0	0	0	1	0.75	0	00:00:00.028
21:35:33	15.06.2015	hmmer/hmmcalibrate.s	1121	0	2	101	0	1	659	393	127	659	393	127	659	393	127	1	1	1	659	393	127	8	2.0396	0	3	0.0792079	0	2	0.50495	0	0	1	1	1	0	10.1262	971	0	1	86	0	1	677	677	677	677	677	677	677	677	677	1	1	1	677	677	677	8	1.88372	0	1	0.0116279	0	1	0.476744	0	00:00:02.2129
21:35:35	15.06.2015	hmmer/emulation.s	763	0	1	37	0	1	566	566	566	566	566	566	566	566	566	1	1	1	566	566	566	3	2.89189	2	1	0.648649	0	2	0.27027	0	0	0	0	0	0	2.28992	763	0	1	37	0	1	566	566	566	566	566	566	566	566	566	1	1	1	566	566	566	3	2.89189	2	1	0.648649	0	2	0.27027	0	00:00:01.1624
21:35:37	15.06.2015	hmmer/cluster.s	2057	0	7	38	0	7	987	235.143	35	987	235.143	35	987	235.143	35	2	1.14286	1	987	235.143	35	3	2.10526	0	2	0.105263	0	2	0.605263	0	0	1	1	1	0	1765.05	2073	0	7	38	0	7	1003	237.429	35	1003	237.429	35	1003	237.429	35	1	1	1	1003	237.429	35	3	2.10526	0	2	0.105263	0	2	0.605263	0	00:00:08.8699
21:35:45	15.06.2015	hmmer/alphabet.s	1269	0	10	41	0	9	195	95.4	26	195	95.4	26	195	95.4	26	17	2.9	1	195	95.4	26	5	2.09756	1	2	0.292683	0	2	0.268293	0	0	20	20	2	18	7.53688	1303	0	10	43	0	9	212	98.8	26	212	98.8	26	212	98.8	26	17	2.7	1	212	98.8	26	5	2.09302	1	2	0.325581	0	2	0.325581	0	00:00:00.233
21:35:46	15.06.2015	hmmer/alignio.s	2704	0	12	53	0	12	588	212.25	51	588	212.25	51	588	212.25	51	2	1.08333	1	588	212.25	51	3	1.84906	0	2	0.226415	0	2	0.509434	0	0	1	1	1	0	19.0277	2756	0	12	52	0	12	588	216.583	51	588	216.583	51	588	216.583	51	1	1	1	588	216.583	51	3	1.86538	0	2	0.230769	0	2	0.519231	0	00:00:03.3691
21:35:49	15.06.2015	hmmer/stack.s	192	0	5	7	0	5	45	33.4	20	45	33.4	20	45	33.4	20	2	1.2	1	45	33.4	20	2	1.42857	1	1	0.571429	0	1	0.142857	0	0	1	1	1	0	0.6752	208	0	5	6	0	5	45	36.6	20	45	36.6	20	45	36.6	20	1	1	1	45	36.6	20	2	1.33333	1	1	0.666667	0	0	0	0	00:00:00.016
21:35:49	15.06.2015	hmmer/sre_ctype.s	57	0	2	4	0	2	23	23	23	23	23	23	23	23	23	1	1	1	23	23	23	1	0.5	0	0	0	0	0	0	0	0	0	0	0	0	0.10408	57	0	2	4	0	2	23	23	23	23	23	23	23	23	23	1	1	1	23	23	23	1	0.5	0	0	0	0	0	0	0	00:00:00.014
21:35:49	15.06.2015	hmmer/msa.s	5982	0	32	222	0	32	694	177.094	30	694	177.094	30	694	177.094	30	3	1.34375	1	694	177.094	30	4	2.21622	0	3	0.536036	0	1	0.144144	0	0	11	11	7	4	2228.3	6143	0	32	220	0	32	694	182.125	30	694	182.125	30	694	182.125	30	3	1.125	1	694	182.125	30	4	2.2	0	3	0.540909	0	1	0.145455	0	00:00:11.11742
21:36:01	15.06.2015	hmmer/phylip.s	409	0	2	25	0	2	234	173	112	234	173	112	234	173	112	1	1	1	234	173	112	4	2.04	0	1	0.04	0	2	0.68	0	0	0	0	0	0	0.273563	409	0	2	25	0	2	234	173	112	234	173	112	234	173	112	1	1	1	234	173	112	4	2.04	0	1	0.04	0	2	0.68	0	00:00:00.119
21:36:01	15.06.2015	hmmer/vectorops.s	1400	0	28	12	0	28	60	39	30	60	39	30	60	39	30	2	1.14286	1	60	39	30	2	1.33333	1	0	0	0	1	0.5	0	0	4	4	3	1	6.32814	1433	0	28	9	0	28	71	40.1786	30	71	40.1786	30	71	40.1786	30	2	1.03571	1	71	40.1786	30	2	1.11111	1	0	0	0	1	0.666667	0	00:00:00.099
21:36:01	15.06.2015	hmmer/shuffle.s	2376	0	9	52	0	9	741	243.556	67	741	243.556	67	741	243.556	67	1	1	1	741	243.556	67	3	1.34615	0	2	0.115385	0	2	0.461538	0	0	0	0	0	0	7.83241	2376	0	9	52	0	9	741	243.556	67	741	243.556	67	741	243.556	67	1	1	1	741	243.556	67	3	1.34615	0	2	0.115385	0	2	0.461538	0	00:00:04.4186
21:36:05	15.06.2015	hmmer/stockholm.s	2878	0	10	141	0	3	1263	245.2	8	1263	245.2	8	1263	245.2	8	2	1.1	1	1263	245.2	8	4	2.58865	1	2	0.35461	0	3	0.41844	0	0	8	8	5	3	372.37	1993	0	5	81	0	3	1263	343.6	8	1263	343.6	8	1263	343.6	8	2	1.2	1	1263	343.6	8	4	2.66667	1	2	0.271605	0	3	0.716049	0	00:00:17.17063
21:36:23	15.06.2015	hmmer/plan9.s	546	0	5	23	0	5	149	95.8	60	149	95.8	60	149	95.8	60	2	1.2	1	149	95.8	60	3	1.86957	1	3	0.73913	0	1	0.217391	0	0	1	1	1	0	10.0972	460	0	5	14	0	5	149	81	20	149	81	20	149	81	20	1	1	1	149	81	20	2	1.42857	1	1	0.0714286	0	1	0.357143	0	00:00:00.093
21:36:23	15.06.2015	hmmer/dayhoff.s	564	0	1	23	0	1	419	419	419	419	419	419	419	419	419	1	1	1	419	419	419	3	1.65217	0	0	0	0	2	1.04348	0	0	0	0	0	0	1.38024	564	0	1	23	0	1	419	419	419	419	419	419	419	419	419	1	1	1	419	419	419	3	1.65217	0	0	0	0	2	1.04348	0	00:00:00.723
21:36:23	15.06.2015	hmmer/postprob.s	3897	0	7	61	0	6	1274	545.286	18	1274	545.286	18	1274	545.286	18	5	2.14286	1	1274	545.286	18	6	2.13115	1	2	0.0491803	0	2	0.95082	0	0	9	9	4	5	61.7063	3953	0	7	61	0	6	1274	553.286	18	1274	553.286	18	1274	553.286	18	2	1.57143	1	1274	553.286	18	6	2.19672	1	2	0.114754	0	2	0.95082	0	00:00:12.12423
21:36:36	15.06.2015	hmmer/masks.s	692	0	3	14	0	3	336	196.667	8	336	196.667	8	336	196.667	8	1	1	1	336	196.667	8	3	1.92857	1	2	0.214286	0	1	0.285714	0	0	0	0	0	0	1.1263	692	0	3	14	0	3	336	196.667	8	336	196.667	8	336	196.667	8	1	1	1	336	196.667	8	3	1.92857	1	2	0.214286	0	1	0.285714	0	00:00:00.396
21:36:36	15.06.2015	hmmer/sre_random.s	870	0	7	15	0	7	212	81.8571	11	212	81.8571	11	212	81.8571	11	15	3	1	212	81.8571	11	1	0.0666667	0	0	0	0	2	0.866667	0	0	14	14	13	1	78.6364	2183	0	7	2	0	7	1015	269.429	11	1015	269.429	11	1015	269.429	11	2	1.14286	1	1015	269.429	11	1	0.5	0	0	0	0	1	0.5	0	00:00:00.215
21:36:36	15.06.2015	hmmer/mathsupport.s	1506	0	13	46	0	12	130	56.7692	6	130	56.7692	6	130	56.7692	6	2	1.07692	1	130	56.7692	6	3	1.13043	0	1	0.0869565	0	1	0.586957	0	0	2	2	1	1	3.31739	1462	0	12	43	0	12	130	59.5833	6	130	59.5833	6	130	59.5833	6	2	1.08333	1	130	59.5833	6	3	1.16279	0	1	0.0930233	0	1	0.581395	0	00:00:00.127
21:36:37	15.06.2015	hmmer/iupac.s	155	0	0	0	0	0	0	0	0	0	0	0	0	0	0	0	0	0	0	0	0	0	0	0	0	0	0	0	0	0	0	0	0	0	0	0.148647	155	0	0	0	0	0	0	0	0	0	0	0	0	0	0	0	0	0	0	0	0	0	0	0	0	0	0	0	0	0	00:00:00.009
21:36:37	15.06.2015	hmmer/translate.s	192	0	1	5	0	1	153	153	153	153	153	153	153	153	153	1	1	1	153	153	153	2	1.6	1	1	0.4	0	1	0.4	0	0	0	0	0	0	0.18919	192	0	1	5	0	1	153	153	153	153	153	153	153	153	153	1	1	1	153	153	153	2	1.6	1	1	0.4	0	1	0.4	0	00:00:00.053
21:36:37	15.06.2015	hmmer/squidcore.s	46	0	1	5	0	1	21	21	21	21	21	21	21	21	21	1	1	1	21	21	21	3	3	3	1	1	1	0	0	0	0	0	0	0	0	0.065423	46	0	1	5	0	1	21	21	21	21	21	21	21	21	21	1	1	1	21	21	21	3	3	3	1	1	1	0	0	0	00:00:00.005
21:36:37	15.06.2015	hmmer/a2m.s	352	0	2	17	0	2	181	147.5	114	181	147.5	114	181	147.5	114	1	1	1	181	147.5	114	4	2.23529	1	2	0.117647	0	2	0.882353	0	0	0	0	0	0	0.27974	352	0	2	17	0	2	181	147.5	114	181	147.5	114	181	147.5	114	1	1	1	181	147.5	114	4	2.23529	1	2	0.117647	0	2	0.882353	0	00:00:00.088
21:36:37	15.06.2015	hmmer/msf.s	1494	0	2	72	0	2	717	646.5	576	717	646.5	576	717	646.5	576	1	1	1	717	646.5	576	4	2.09722	0	2	0.138889	0	3	0.666667	0	0	0	0	0	0	6.74581	1494	0	2	72	0	2	717	646.5	576	717	646.5	576	717	646.5	576	1	1	1	717	646.5	576	4	2.09722	0	2	0.138889	0	3	0.666667	0	00:00:06.6455
21:36:43	15.06.2015	hmmer/clustal.s	371	0	2	20	0	2	182	156	130	182	156	130	182	156	130	1	1	1	182	156	130	4	2.3	1	0	0	0	2	0.9	0	0	0	0	0	0	0.312949	371	0	2	20	0	2	182	156	130	182	156	130	182	156	130	1	1	1	182	156	130	4	2.3	1	0	0	0	2	0.9	0	00:00:00.097
21:36:43	15.06.2015	hmmer/misc.s	417	0	4	17	0	4	120	77	21	120	77	21	120	77	21	1	1	1	120	77	21	3	2.11765	0	2	0.411765	0	2	0.352941	0	0	0	0	0	0	0.306132	417	0	4	17	0	4	120	77	21	120	77	21	120	77	21	1	1	1	120	77	21	3	2.11765	0	2	0.411765	0	2	0.352941	0	00:00:00.069
21:36:43	15.06.2015	hmmer/sqerror.s	95	0	3	16	0	3	25	20	11	25	20	11	25	20	11	1	1	1	25	20	11	3	1.875	1	1	0.5	0	0	0	0	0	0	0	0	0	0.123434	95	0	3	16	0	3	25	20	11	25	20	11	25	20	11	1	1	1	25	20	11	3	1.875	1	1	0.5	0	0	0	0	00:00:00.010
21:36:43	15.06.2015	hmmer/eps.s	299	0	1	18	0	1	227	227	227	227	227	227	227	227	227	1	1	1	227	227	227	3	2.55556	1	2	0.111111	0	2	0.388889	0	0	0	0	0	0	0.278022	299	0	1	18	0	1	227	227	227	227	227	227	227	227	227	1	1	1	227	227	227	3	2.55556	1	2	0.111111	0	2	0.388889	0	00:00:00.074
21:36:43	15.06.2015	hmmer/trace.s	6258	0	18	143	0	17	1065	286.556	32	1065	286.556	32	1065	286.556	32	18	2.22222	1	1065	286.556	32	5	2.48951	0	4	0.482517	0	3	0.643357	0	0	23	23	22	1	1368.07	6961	0	17	129	0	17	1083	344.824	32	1083	344.824	32	1083	344.824	32	2	1.05882	1	1083	344.824	32	5	2.18605	0	3	0.620155	0	3	0.596899	0	00:00:19.19727
21:37:03	15.06.2015	hmmer/prior.s	3207	0	13	119	0	11	473	182.385	5	473	182.385	5	473	182.385	5	5	1.61538	1	473	182.385	5	6	2	0	3	0.361345	0	2	0.386555	0	0	10	10	5	5	104.932	3025	0	11	116	0	11	473	204.091	5	473	204.091	5	473	204.091	5	4	1.45455	1	473	204.091	5	6	2.10345	0	3	0.422414	0	2	0.396552	0	00:00:01.1939
21:37:05	15.06.2015	hmmer/display.s	2049	0	5	73	0	5	993	381.6	14	993	381.6	14	993	381.6	14	19	6.4	1	993	381.6	14	12	4.64384	1	1	0.0821918	0	3	0.876712	0	0	27	27	7	20	148.146	2126	0	5	73	0	5	993	397	14	993	397	14	993	397	14	19	5	1	993	397	14	12	4.73973	1	1	0.178082	0	3	0.876712	0	00:00:11.11683
21:37:17	15.06.2015	hmmer/aligneval.s	1564	0	10	33	0	7	286	130.8	77	286	130.8	77	286	130.8	77	4	2	1	286	130.8	77	7	2.84848	0	2	0.242424	0	2	0.363636	0	0	13	13	8	6	162.648	1589	0	9	24	0	7	286	148.333	96	286	148.333	96	286	148.333	96	5	1.44444	1	286	148.333	96	7	2.625	0	2	0.25	0	2	0.375	0	00:00:01.1223
21:37:18	15.06.2015	hmmer/file.s	389	0	7	39	0	7	108	46.2857	17	108	46.2857	17	108	46.2857	17	2	1.42857	1	108	46.2857	17	3	1.76923	1	2	0.410256	0	1	0.128205	0	0	3	3	0	3	0.265522	389	0	7	39	0	7	108	46.2857	17	108	46.2857	17	108	46.2857	17	2	1.42857	1	108	46.2857	17	3	1.76923	1	2	0.410256	0	1	0.128205	0	00:00:00.047
21:37:18	15.06.2015	hmmer/getopt.s	676	0	1	20	0	1	611	611	611	611	611	611	611	611	611	1	1	1	611	611	611	3	1.8	1	2	0.25	0	1	0.1	0	0	0	0	0	0	1.60419	676	0	1	20	0	1	611	611	611	611	611	611	611	611	611	1	1	1	611	611	611	3	1.8	1	2	0.25	0	1	0.1	0	00:00:02.2224
21:37:20	15.06.2015	hmmer/weight.s	2623	2	11	74	2	7	564	195.545	105	564	195.545	105	564	195.545	105	3	1.27273	1	564	195.545	105	6	2.27027	0	2	0.405405	0	3	0.432432	0	2	11	5	3	2	206.747	2565	2	10	71	2	7	582	210	105	582	210	105	582	210	105	2	1.1	1	582	210	105	6	2.28169	0	2	0.422535	0	2	0.352113	0	00:00:02.2526
21:37:23	15.06.2015	hmmer/sre_math.s	1332	0	9	24	0	9	205	88.6667	13	205	88.6667	13	205	88.6667	13	3	1.22222	1	205	88.6667	13	3	1.5	1	2	0.416667	0	1	0.0833333	0	0	2	2	1	1	3.81022	1337	0	9	23	0	9	210	89.2222	13	210	89.2222	13	210	89.2222	13	2	1.11111	1	210	89.2222	13	3	1.52174	1	2	0.434783	0	1	0.0869565	0	00:00:00.121
21:37:23	15.06.2015	hmmer/rk.s	237	0	2	2	0	2	132	107.5	83	132	107.5	83	132	107.5	83	1	1	1	132	107.5	83	2	1.5	1	0	0	0	0	0	0	0	0	0	0	0	0.325056	237	0	2	2	0	2	132	107.5	83	132	107.5	83	132	107.5	83	1	1	1	132	107.5	83	2	1.5	1	0	0	0	0	0	0	00:00:00.063
21:37:23	15.06.2015	hmmer/plan7.s	5655	0	23	164	0	23	920	186.174	10	920	186.174	10	920	186.174	10	6	1.6087	1	920	186.174	10	4	1.87195	0	3	0.280488	0	2	0.329268	0	0	14	14	9	6	408.658	5749	0	23	152	0	23	935	191.609	23	935	191.609	23	935	191.609	23	3	1.26087	1	935	191.609	23	4	1.88816	1	3	0.302632	0	2	0.342105	0	00:00:08.8483
21:37:32	15.06.2015	hmmer/fast_algorithms.s	926	0	1	3	0	1	895	895	895	895	895	895	895	895	895	1	1	1	895	895	895	7	4.33333	1	0	0	0	0	0	0	0	0	0	0	0	2.26468	926	0	1	3	0	1	895	895	895	895	895	895	895	895	895	1	1	1	895	895	895	7	4.33333	1	0	0	0	0	0	0	00:00:03.3851
21:37:35	15.06.2015	hmmer/seqencode.s	613	0	6	3	0	6	109	96.3333	78	109	96.3333	78	109	96.3333	78	1	1	1	109	96.3333	78	1	0.666667	0	0	0	0	1	0.666667	0	0	0	0	0	0	0.43774	613	0	6	3	0	6	109	96.3333	78	109	96.3333	78	109	96.3333	78	1	1	1	109	96.3333	78	1	0.666667	0	0	0	0	1	0.666667	0	00:00:00.105
21:37:35	15.06.2015	hmmer/types.s	559	0	9	12	0	9	222	55.5556	4	222	55.5556	4	222	55.5556	4	1	1	1	222	55.5556	4	3	0.75	0	0	0	0	1	0.583333	0	0	0	0	0	0	0.515865	559	0	9	12	0	9	222	55.5556	4	222	55.5556	4	222	55.5556	4	1	1	1	222	55.5556	4	3	0.75	0	0	0	0	1	0.583333	0	00:00:00.257
21:37:36	15.06.2015	hmmer/hmmsearch.s	1910	0	4	124	0	1	1014	324.25	24	1014	324.25	24	1014	324.25	24	1	1	1	1014	324.25	24	18	2.39516	0	3	0.0403226	0	1	0.354839	0	0	3	3	2	1	925.965	1597	0	2	108	0	1	1053	539.5	26	1053	539.5	26	1053	539.5	26	1	1	1	1053	539.5	26	18	2.11111	0	1	0.0185185	0	1	0.287037	0	00:00:13.13664
21:37:49	15.06.2015	hmmer/modelmakers.s	6199	0	9	81	0	3	1428	555.889	61	1428	555.889	61	1428	555.889	61	3	1.22222	1	1428	555.889	61	7	2.04938	0	2	0.234568	0	2	0.691358	0	0	8	8	4	4	9844.72	3943	0	5	73	0	3	1461	609.6	157	1461	609.6	157	1461	609.6	157	3	1.4	1	1461	609.6	157	6	1.91781	0	2	0.205479	0	2	0.69863	0	00:01:04.64959
21:38:54	15.06.2015	hmmer/gki.s	755	0	8	26	0	5	140	86	5	140	86	5	140	86	5	3	1.375	1	140	86	5	3	1.76923	1	3	0.461538	0	2	0.269231	0	0	6	6	00:07:19.439320
21:46:14	15.06.2015	hmmer/emit.s	1395	0	3	47	0	3	491	382	249	491	382	249	491	382	249	2	1.33333	1	491	382	249	5	2.80851	1	4	0.382979	0	2	0.489362	0	0	1	1	0	1	2.16403	1395	0	3	47	0	3	491	382	249	491	382	249	491	382	249	2	1.33333	1	491	382	249	5	2.80851	1	4	0.382979	0	2	0.489362	0	00:00:01.1696
21:46:15	15.06.2015	lbm/lbm.s	10845	0	14	30	0	12	1688	388.286	14	1688	388.286	14	1688	388.286	14	3	1.28571	1	1688	388.286	14	4	1.93333	1	2	0.4	0	3	1	0	0	6	6	5	1	1885.78	10873	0	13	23	0	12	1688	420.385	14	1688	420.385	14	1688	420.385	14	1	1	1	1688	420.385	14	4	1.73913	1	2	0.434783	0	3	0.652174	0	00:00:20.20081
21:46:36	15.06.2015	lbm/main.s	379	0	5	39	0	5	133	61.2	6	133	61.2	6	133	61.2	6	2	1.8	1	133	61.2	6	3	1.46154	1	1	0.384615	0	1	0.128205	0	0	4	4	1	3	0.541792	382	0	5	39	0	5	133	61.8	6	133	61.8	6	133	61.8	6	2	1.6	1	133	61.8	6	3	1.48718	1	1	0.410256	0	1	0.128205	0	00:00:00.073
21:46:36	15.06.2015	mcf/psimplex.s	297	0	1	8	0	1	262	262	262	262	262	262	262	262	262	1	1	1	262	262	262	12	3.5	1	0	0	0	1	0.625	0	0	0	0	0	0	0.284998	297	0	1	8	0	1	262	262	262	262	262	262	262	262	262	1	1	1	262	262	262	12	3.5	1	0	0	0	1	0.625	0	00:00:00.127
21:46:36	15.06.2015	mcf/pbeampp.s	503	1	3	4	1	2	302	152.667	31	302	152.667	31	302	152.667	31	2	1.33333	1	302	152.667	31	2	2	2	0	0	0	2	0.5	0	1	4	1	1	0	1.37743	516	1	3	3	1	2	315	157	31	315	157	31	315	157	31	1	1	1	315	157	31	2	2	2	0	0	0	0	0	0	00:00:00.276
21:46:36	15.06.2015	mcf/pbla.s	178	0	1	0	0	1	162	162	162	162	162	162	162	162	162	1	1	1	162	162	162	0	0	0	0	0	0	0	0	0	0	0	0	0	0	0.145749	178	0	1	0	0	1	162	162	162	162	162	162	162	162	162	1	1	1	162	162	162	0	0	0	0	0	0	0	0	0	00:00:00.058
21:46:36	15.06.2015	mcf/mcfutil.s	1047	0	7	9	0	7	204	139.714	66	204	139.714	66	204	139.714	66	1	1	1	204	139.714	66	3	1.88889	1	0	0	0	1	0.222222	0	0	0	0	0	0	0.851446	1047	0	7	9	0	7	204	139.714	66	204	139.714	66	204	139.714	66	1	1	1	204	139.714	66	3	1.88889	1	0	0	0	1	0.222222	0	00:00:00.261
21:46:36	15.06.2015	mcf/readmin.s	838	0	1	14	0	1	762	762	762	762	762	762	762	762	762	1	1	1	762	762	762	4	2.42857	1	4	0.714286	0	1	0.285714	0	0	0	0	0	0	5.8572	838	0	1	14	0	1	762	762	762	762	762	762	762	762	762	1	1	1	762	762	762	4	2.42857	1	4	0.714286	0	1	0.285714	0	00:00:05.5176
21:46:42	15.06.2015	mcf/pflowup.s	86	0	1	0	0	1	72	72	72	72	72	72	72	72	72	1	1	1	72	72	72	0	0	0	0	0	0	0	0	0	0	0	0	0	0	0.133976	86	0	1	0	0	1	72	72	72	72	72	72	72	72	72	1	1	1	72	72	72	0	0	0	0	0	0	0	0	0	00:00:00.019
21:46:42	15.06.2015	mcf/output.s	221	0	1	6	0	1	184	184	184	184	184	184	184	184	184	1	1	1	184	184	184	3	2.16667	1	1	0.166667	0	2	0.833333	0	0	0	0	0	0	0.193938	221	0	1	6	0	1	184	184	184	184	184	184	184	184	184	1	1	1	184	184	184	3	2.16667	1	1	0.166667	0	2	0.833333	0	00:00:00.112
21:46:42	15.06.2015	mcf/treeup.s	531	0	1	0	0	1	509	509	509	509	509	509	509	509	509	1	1	1	509	509	509	0	0	0	0	0	0	0	0	0	0	0	0	0	0	0.884762	531	0	1	0	0	1	509	509	509	509	509	509	509	509	509	1	1	1	509	509	509	0	0	0	0	0	0	0	0	0	00:00:00.688
21:46:42	15.06.2015	mcf/pstart.s	234	0	1	0	0	1	205	205	205	205	205	205	205	205	205	1	1	1	205	205	205	0	0	0	0	0	0	0	0	0	0	0	0	0	0	0.216533	234	0	1	0	0	1	205	205	205	205	205	205	205	205	205	1	1	1	205	205	205	0	0	0	0	0	0	0	0	0	00:00:00.051
21:46:42	15.06.2015	gobmk/utils/random.s	289	0	8	6	0	6	83	29.75	3	83	29.75	3	83	29.75	3	3	1.375	1	83	29.75	3	4	0.833333	0	4	0.833333	0	0	0	0	0	5	5	4	0	4.29627	185	0	6	0	0	6	35	24	13	35	24	13	35	24	13	1	1	1	35	24	13	0	0	0	0	0	0	0	0	0	00:00:00.043
21:46:42	15.06.2015	gobmk/utils/getopt1.s	40	0	2	2	0	2	17	17	17	17	17	17	17	17	17	1	1	1	17	17	17	6	6	6	1	1	1	0	0	0	0	0	0	0	0	0.045064	40	0	2	2	0	2	17	17	17	17	17	17	17	17	17	1	1	1	17	17	17	6	6	6	1	1	1	0	0	0	00:00:00.006
21:46:42	15.06.2015	gobmk/utils/getopt.s	1663	0	4	34	0	2	1332	386.75	11	1332	386.75	11	1332	386.75	11	2	1.5	1	1332	386.75	11	6	2.20588	1	3	0.117647	0	1	0.117647	0	0	4	4	2	2	39.9772	1660	0	3	32	0	2	1376	515.333	11	1376	515.333	11	1376	515.333	11	2	1.33333	1	1376	515.333	11	6	2.21875	1	3	0.125	0	1	0.125	0	00:00:27.27114
21:47:10	15.06.2015	gobmk/engine/showbord.s	1171	0	9	47	0	6	312	113.556	5	312	113.556	5	312	113.556	5	4	1.88889	1	312	113.556	5	5	2.38298	0	5	0.404255	0	2	0.510638	0	0	11	11	10	2	111.339	275	0	7	11	0	6	79	25.5714	5	79	25.5714	5	79	25.5714	5	2	1.14286	1	79	25.5714	5	4	2.54545	0	1	0.636364	0	1	0.0909091	0	00:00:00.690
21:47:10	15.06.2015	gobmk/engine/hash.s	509	0	6	6	0	5	170	76.6667	30	170	76.6667	30	170	76.6667	30	3	1.33333	1	170	76.6667	30	1	0.333333	0	0	0	0	2	1.16667	0	0	3	3	2	1	2.27124	530	0	6	4	0	5	170	80.1667	30	170	80.1667	30	170	80.1667	30	1	1	1	170	80.1667	30	1	0.5	0	0	0	0	2	0.75	0	00:00:00.108
21:47:10	15.06.2015	gobmk/engine/semeai.s	3073	0	6	78	0	2	1555	492.667	45	1555	492.667	45	1555	492.667	45	8	3.83333	1	1555	492.667	45	6	2.32051	1	1	0.102564	0	3	0.74359	0	0	21	21	10	1	44730.6	1438	0	3	23	0	2	809	443.667	187	809	443.667	187	809	443.667	187	1	1	1	809	443.667	187	6	2.04348	1	1	0.130435	0	3	1.56522	0	00:01:53.113127
21:49:04	15.06.2015	gobmk/engine/movelist.s	337	0	4	4	0	2	107	79.5	60	107	79.5	60	107	79.5	60	2	1.5	1	107	79.5	60	4	3.5	3	0	0	0	2	1	0	0	4	4	3	0	11.4547	186	0	2	0	0	2	110	85	60	110	85	60	110	85	60	1	1	1	110	85	60	0	0	0	0	0	0	0	0	0	00:00:00.063
21:49:04	15.06.2015	gobmk/engine/sgfdecide.s	1500	0	10	157	0	10	236	118.5	31	236	118.5	31	236	118.5	31	1	1	1	236	118.5	31	8	1.92994	0	4	0.636943	0	1	0.133758	0	0	0	0	0	0	2.75482	1500	0	10	157	0	10	236	118.5	31	236	118.5	31	236	118.5	31	1	1	1	236	118.5	31	8	1.92994	0	4	0.636943	0	1	0.133758	0	00:00:00.579
21:49:04	15.06.2015	gobmk/engine/filllib.s	1909	1	5	69	1	1	855	347.4	67	855	347.4	67	855	347.4	67	3	1.6	1	855	347.4	67	6	2.57971	0	5	0.42029	0	2	0.623188	0	1	8	6	2	3	147.548	1727	1	3	64	1	1	872	519.667	291	872	519.667	291	872	519.667	291	3	1.66667	1	872	519.667	291	6	2.60938	0	5	0.390625	0	2	0.640625	0	00:00:08.8000
21:49:12	15.06.2015	gobmk/engine/interface.s	1543	0	31	86	0	31	556	43.0968	3	556	43.0968	3	556	43.0968	3	7	1.64516	1	556	43.0968	3	6	2.19767	0	5	0.313953	0	2	0.488372	0	0	20	20	18	2	81.2405	1705	0	31	85	0	31	620	48.3226	3	620	48.3226	3	620	48.3226	3	2	1.06452	1	620	48.3226	3	6	2.03529	0	5	0.317647	0	2	0.541176	0	00:00:02.2159
21:49:14	15.06.2015	gobmk/engine/sgffile.s	695	0	7	31	0	7	148	75	14	148	75	14	148	75	14	3	1.28571	1	148	75	14	6	2.83871	0	5	0.580645	0	2	0.645161	0	0	2	2	0	2	0.597368	695	0	7	31	0	7	148	75	14	148	75	14	148	75	14	3	1.28571	1	148	75	14	6	2.83871	0	5	0.580645	0	2	0.645161	0	00:00:00.143
21:49:15	15.06.2015	gobmk/engine/utils.s	6222	0	36	177	0	32	715	149.806	3	715	149.806	3	715	149.806	3	7	1.69444	1	715	149.806	3	15	3.52542	0	8	0.779661	0	5	0.649718	0	0	29	29	15	16	1620.27	5023	0	34	137	0	32	715	133.735	3	715	133.735	3	715	133.735	3	7	1.41176	1	715	133.735	3	15	3.9562	0	8	0.956204	0	5	0.678832	0	00:00:12.12614
21:49:27	15.06.2015	gobmk/sgf/sgftree.s	573	0	21	38	0	21	47	23.0476	10	47	23.0476	10	47	23.0476	10	14	1.66667	1	47	23.0476	10	4	2.23684	0	4	0.578947	0	1	0.0263158	0	0	14	14	13	1	19.722	745	0	21	25	0	21	58	31.2381	10	58	31.2381	10	58	31.2381	10	2	1.04762	1	58	31.2381	10	4	2.88	0	4	0.88	0	0	0	0	00:00:00.074
21:49:27	15.06.2015	gobmk/sgf/sgfnode.s	3329	7	62	216	7	37	170	46.8065	9	170	46.8065	9	170	46.8065	9	21	2.74194	1	170	46.8065	9	5	2.14352	0	4	0.643519	0	2	0.162037	0	7	141	126	111	32	634.938	3698	7	45	146	7	37	250	73.3333	21	250	73.3333	21	250	73.3333	21	21	1.68889	1	250	73.3333	21	5	2.40411	0	4	0.712329	0	3	0.19863	0	00:00:01.1037
21:49:28	15.06.2015	gobmk/sgf/sgf_utils.s	567	1	9	17	1	8	94	54.5556	38	94	54.5556	38	94	54.5556	38	2	1.44444	1	94	54.5556	38	4	1.70588	1	1	0.117647	0	1	0.0588235	0	1	6	4	3	2	1.62041	644	1	9	18	1	8	127	63.1111	38	127	63.1111	38	127	63.1111	38	2	1.22222	1	127	63.1111	38	2	1.44444	1	1	0.111111	0	1	0.0555556	0	00:00:00.073
21:49:28	15.06.2015	gobmk/patterns/fuseki19.s	4415	0	0	0	0	0	0	0	0	0	0	0	0	0	0	0	0	0	0	0	0	0	0	0	0	0	0	0	0	0	0	0	0	0	0	5.17131	4415	0	0	0	0	0	0	0	0	0	0	0	0	0	0	0	0	0	0	0	0	0	0	0	0	0	0	0	0	0	00:00:00.658
21:49:29	15.06.2015	gobmk/patterns/fuseki9.s	3914	0	0	0	0	0	0	0	0	0	0	0	0	0	0	0	0	0	0	0	0	0	0	0	0	0	0	0	0	0	0	0	0	0	0	4.77508	3914	0	0	0	0	0	0	0	0	0	0	0	0	0	0	0	0	0	0	0	0	0	0	0	0	0	0	0	0	0	00:00:00.533
21:49:30	15.06.2015	gobmk/patterns/fuseki13.s	9002	0	0	0	0	0	0	0	0	0	0	0	0	0	0	0	0	0	0	0	0	0	0	0	0	0	0	0	0	0	0	0	0	0	0	10.4856	9002	0	0	0	0	0	0	0	0	0	0	0	0	0	0	0	0	0	0	0	0	0	0	0	0	0	0	0	0	0	00:00:03.3124
21:49:33	15.06.2015	gobmk/patterns/transform.s	140	0	1	0	0	1	115	115	115	115	115	115	115	115	115	1	1	1	115	115	115	0	0	0	0	0	0	0	0	0	0	0	0	0	0	0.688801	140	0	1	0	0	1	115	115	115	115	115	115	115	115	115	1	1	1	115	115	115	0	0	0	0	0	0	0	0	0	00:00:00.041
21:49:33	15.06.2015	sjeng/attacks.s	1506	0	3	0	0	3	521	481	447	521	481	447	521	481	447	1	1	1	521	481	447	0	0	0	0	0	0	0	0	0	0	0	0	0	0	6.58007	1506	0	3	0	0	3	521	481	447	521	481	447	521	481	447	1	1	1	521	481	447	0	0	0	0	0	0	0	0	0	00:00:01.1682
21:49:34	15.06.2015	sjeng/draw.s	170	0	1	0	0	1	140	140	140	140	140	140	140	140	140	1	1	1	140	140	140	0	0	0	0	0	0	0	0	0	0	0	0	0	0	0.14139	170	0	1	0	0	1	140	140	140	140	140	140	140	140	140	1	1	1	140	140	140	0	0	0	0	0	0	0	0	0	00:00:00.049
21:49:34	15.06.2015	sjeng/ecache.s	165	0	5	5	0	5	50	24	6	50	24	6	50	24	6	1	1	1	50	24	6	5	2	1	3	1	0	0	0	0	0	0	0	0	0	0.113042	165	0	5	5	0	5	50	24	6	50	24	6	50	24	6	1	1	1	50	24	6	5	2	1	3	1	0	0	0	0	00:00:00.018
21:49:34	15.06.2015	sjeng/rcfile.s	114	0	1	4	0	1	35	35	35	35	35	35	35	35	35	1	1	1	35	35	35	3	0.75	0	2	0.5	0	0	0	0	0	0	0	0	0	0.196334	114	0	1	4	0	1	35	35	35	35	35	35	35	35	35	1	1	1	35	35	35	3	0.75	0	2	0.5	0	0	0	0	00:00:00.013
21:49:35	15.06.2015	sjeng/leval.s	1509	0	6	19	0	1	1091	236.833	38	1091	236.833	38	1091	236.833	38	4	2.5	1	1091	236.833	38	5	1.42105	1	4	0.210526	0	1	0.736842	0	0	14	14	13	1	180.627	1446	0	2	6	0	1	1264	684	104	1264	684	104	1264	684	104	1	1	1	1264	684	104	5	2.33333	1	4	0.666667	0	1	0.166667	0	00:00:11.11403
21:49:46	15.06.2015	sjeng/ttable.s	1279	0	11	14	0	11	388	107.182	10	388	107.182	10	388	107.182	10	1	1	1	388	107.182	10	5	2.14286	0	3	1.07143	0	2	0.142857	0	0	0	0	0	0	1.33951	1279	0	11	14	0	11	388	107.182	10	388	107.182	10	388	107.182	10	1	1	1	388	107.182	10	5	2.14286	0	3	1.07143	0	2	0.142857	0	00:00:00.857
21:49:47	15.06.2015	sjeng/seval.s	1830	0	9	29	0	2	1000	188.222	3	1000	188.222	3	1000	188.222	3	4	2.11111	1	1000	188.222	3	5	1.51724	0	4	0.413793	0	1	0.551724	0	0	17	17	15	2	791.228	1451	0	3	6	0	2	1226	444.667	3	1226	444.667	3	1226	444.667	3	2	1.33333	1	1226	444.667	3	5	2.16667	0	4	0.666667	0	1	0.166667	0	00:00:07.7636
21:49:54	15.06.2015	sjeng/eval.s	2492	0	2	51	0	2	1788	1136.5	485	1788	1136.5	485	1788	1136.5	485	1	1	1	1788	1136.5	485	2	1.47059	0	0	0	0	2	0.862745	0	0	0	0	0	0	10.4209	2492	0	2	51	0	2	1788	1136.5	485	1788	1136.5	485	1788	1136.5	485	1	1	1	1788	1136.5	485	2	1.47059	0	0	0	0	2	0.862745	0	00:01:37.97983
21:51:32	15.06.2015	bzip2/randtable.s	5	0	0	0	0	0	0	0	0	0	0	0	0	0	0	0	0	0	0	0	0	0	0	0	0	0	0	0	0	0	0	0	0	0	0	0.058411	5	0	0	0	0	0	0	0	0	0	0	0	0	0	0	0	0	0	0	0	0	0	0	0	0	0	0	0	0	0	00:00:00.013
21:51:32	15.06.2015	bzip2/huffman.s	974	0	3	2	0	3	634	314	69	634	314	69	634	314	69	1	1	1	634	314	69	1	1	1	0	0	0	1	1	1	0	0	0	0	0	3.65741	974	0	3	2	0	3	634	314	69	634	314	69	634	314	69	1	1	1	634	314	69	1	1	1	0	0	0	1	1	1	00:00:01.1942
21:51:34	15.06.2015	bzip2/crctable.s	5	0	0	0	0	0	0	0	0	0	0	0	0	0	0	0	0	0	0	0	0	0	0	0	0	0	0	0	0	0	0	0	0	0	0	0.047218	5	0	0	0	0	0	0	0	0	0	0	0	0	0	0	0	0	0	0	0	0	0	0	0	0	0	0	0	0	0	00:00:00.005
21:51:34	15.06.2015	bzip2/blocksort.s	4941	0	9	28	0	1	1157	533.222	42	1157	533.222	42	1157	533.222	42	3	1.33333	1	1157	533.222	42	8	3.53571	1	1	0.142857	0	3	0.892857	0	0	11	11	8	2	38499.7	995	0	2	10	0	1	703	458	213	703	458	213	703	458	213	2	1.5	1	703	458	213	5	3	1	1	0.3	0	1	0.2	0	00:01:06.66054
21:52:40	15.06.2015	gcc/cfganal.s	4341	0	25	111	0	18	864	166.24	17	864	166.24	17	864	166.24	17	12	1.64	1	864	166.24	17	3	1.83784	0	2	0.108108	0	3	0.54955	0	0	23	23	19	3	5216.12	4199	0	19	87	0	18	1044	211.947	14	1044	211.947	14	1044	211.947	14	2	1.10526	1	1044	211.947	14	3	1.75862	0	1	0.0804598	0	3	0.45977	0	00:00:13.13655
21:52:54	15.06.2015	gcc/print-rtl.s	240	0	9	0	0	9	8	6	4	8	6	4	8	6	4	1	1	1	8	6	4	0	0	0	0	0	0	0	0	0	0	0	0	0	0	0.142007	240	0	9	0	0	9	8	6	4	8	6	4	8	6	4	1	1	1	8	6	4	0	0	0	0	0	0	0	0	0	00:00:00.016
21:52:54	15.06.2015	gcc/varray.s	124	0	2	3	0	2	66	52	38	66	52	38	66	52	38	1	1	1	66	52	38	5	3	2	3	1.33333	0	0	0	0	0	0	0	0	0	0.630223	124	0	2	3	0	2	66	52	38	66	52	38	66	52	38	1	1	1	66	52	38	5	3	2	3	1.33333	0	0	0	0	00:00:00.016
21:52:54	15.06.2015	gcc/cfgbuild.s	3282	0	13	85	0	3	977	239.077	56	977	239.077	56	977	239.077	56	7	2.30769	1	977	239.077	56	4	2.25882	0	3	0.211765	0	2	0.682353	0	0	27	27	18	5	15544.8	2068	0	5	37	0	3	1103	385.4	85	1103	385.4	85	1103	385.4	85	3	1.6	1	1103	385.4	85	4	2	0	2	0.0810811	0	1	0.540541	0	00:00:28.28932
21:53:23	15.06.2015	gcc/doloop.s	2371	0	6	90	0	1	581	360.5	293	581	360.5	293	581	360.5	293	2	1.16667	1	581	360.5	293	7	2.61111	0	4	0.944444	0	0	0	0	0	6	6	4	1	212.648	1042	0	2	28	0	1	575	434	293	575	434	293	575	434	293	1	1	1	575	434	293	7	2.28571	0	3	0.535714	0	0	0	0	00:00:03.3869
21:53:27	15.06.2015	gcc/cpphash.s	266	0	5	14	0	5	85	41.4	16	85	41.4	16	85	41.4	16	6	2	1	85	41.4	16	4	2.35714	1	2	0.928571	0	0	0	0	0	5	5	4	1	0.668159	318	0	5	14	0	5	137	51.8	16	137	51.8	16	137	51.8	16	2	1.2	1	137	51.8	16	4	2.64286	1	2	0.928571	0	0	0	0	00:00:00.044
21:53:27	15.06.2015	gcc/dominance.s	1790	1	10	42	1	1	326	172.2	66	326	172.2	66	326	172.2	66	2	1.2	1	326	172.2	66	3	1.66667	1	1	0.0238095	0	2	0.190476	0	1	12	10	7	1	258.078	503	0	2	18	0	1	304	226	148	304	226	148	304	226	148	1	1	1	304	226	148	2	1.33333	1	0	0	0	1	0.111111	0	00:00:00.895
21:53:28	15.06.2015	gcc/cppdefault.s	18	0	0	0	0	0	0	0	0	0	0	0	0	0	0	0	0	0	0	0	0	0	0	0	0	0	0	0	0	0	0	0	0	0	0	0.077085	18	0	0	0	0	0	0	0	0	0	0	0	0	0	0	0	0	0	0	0	0	0	0	0	0	0	0	0	0	0	00:00:00.010
21:53:28	15.06.2015	gcc/c-convert.s	307	0	1	20	0	1	265	265	265	265	265	265	265	265	265	1	1	1	265	265	265	3	1.75	1	1	0.3	0	0	0	0	0	0	0	0	0	0.459327	307	0	1	20	0	1	265	265	265	265	265	265	265	265	265	1	1	1	265	265	265	3	1.75	1	1	0.3	0	0	0	0	00:00:00.217
21:53:28	15.06.2015	gcc/hooks.s	8	0	2	0	0	2	2	2	2	2	2	2	2	2	2	1	1	1	2	2	2	0	0	0	0	0	0	0	0	0	0	0	0	0	0	0.054684	8	0	2	0	0	2	2	2	2	2	2	2	2	2	2	1	1	1	2	2	2	0	0	0	0	0	0	0	0	0	00:00:00.008
21:53:28	15.06.2015	gcc/rtl-error.s	374	0	6	13	0	4	209	53.1667	18	209	53.1667	18	209	53.1667	18	2	1.33333	1	209	53.1667	18	6	2.53846	1	2	0.461538	0	0	0	0	0	4	4	3	1	6.5712	238	0	4	12	0	4	71	49	22	71	49	22	71	49	22	2	1.25	1	71	49	22	6	2.41667	1	3	0.666667	0	0	0	0	00:00:00.091
21:53:28	15.06.2015	gcc/predict.s	4330	1	14	79	1	8	1267	277.786	29	1267	277.786	29	1267	277.786	29	11	2.64286	1	1267	277.786	29	5	2.34177	0	3	0.240506	0	3	0.582278	0	1	30	28	32	2	36640.3	2731	0	8	49	0	8	1828	313.5	29	1828	313.5	29	1828	313.5	29	3	1.25	1	1828	313.5	29	5	1.71429	0	3	0.326531	0	3	0.77551	0	00:01:07.67453
21:54:36	15.06.2015	gcc/fibheap.s	1144	0	24	38	0	12	179	45.25	5	179	45.25	5	179	45.25	5	6	1.70833	1	179	45.25	5	5	2.13158	0	3	0.210526	0	2	0.289474	0	0	29	29	30	1	84.7723	1028	0	13	9	0	12	274	75.9231	5	274	75.9231	5	274	75.9231	5	1	1	1	274	75.9231	5	3	1.44444	1	2	0.444444	0	1	0.111111	0	00:00:00.229
21:54:36	15.06.2015	gcc/partition.s	439	0	4	12	0	4	167	100.25	7	167	100.25	7	167	100.25	7	1	1	1	167	100.25	7	5	2.08333	1	3	0.333333	0	2	0.416667	0	0	0	0	0	0	0.42873	439	0	4	12	0	4	167	100.25	7	167	100.25	7	167	100.25	7	1	1	1	167	100.25	7	5	2.08333	1	3	0.333333	0	2	0.416667	0	00:00:00.086
21:54:36	15.06.2015	gcc/vmsdbgout.s	1	0	0	0	0	0	0	0	0	0	0	0	0	0	0	0	0	0	0	0	0	0	0	0	0	0	0	0	0	0	0	0	0	0	0	0.045435	1	0	0	0	0	0	0	0	0	0	0	0	0	0	0	0	0	0	0	0	0	0	0	0	0	0	0	0	0	0	00:00:00.009
21:54:36	15.06.2015	gcc/vasprintf.s	432	0	2	13	0	1	368	189.5	11	368	189.5	11	368	189.5	11	1	1	1	368	189.5	11	3	1.84615	1	0	0	0	2	0.692308	0	0	1	1	1	0	80.1131	53	0	1	2	0	1	36	36	36	36	36	36	36	36	36	1	1	1	36	36	36	1	1	1	0	0	0	0	0	0	00:00:00.419
21:54:36	15.06.2015	gcc/cfglayout.s	2051	1	12	53	1	5	700	158.75	5	700	158.75	5	700	158.75	5	2	1.33333	1	700	158.75	5	3	1.49057	0	2	0.0943396	0	1	0.396226	0	1	12	10	7	1	1251.91	599	1	6	20	1	5	142	80.5	15	142	80.5	15	142	80.5	15	2	1.16667	1	142	80.5	15	3	1.15	0	2	0.15	0	1	0.2	0	00:00:04.4153
21:54:41	15.06.2015	gcc/asprintf.s	27	0	1	3	0	1	21	21	21	21	21	21	21	21	21	1	1	1	21	21	21	3	1.66667	1	0	0	0	0	0	0	0	0	0	0	0	0.093701	27	0	1	3	0	1	21	21	21	21	21	21	21	21	21	1	1	1	21	21	21	3	1.66667	1	0	0	0	0	0	0	00:00:00.011
21:54:41	15.06.2015	gcc/main.s	14	0	1	1	0	1	10	10	10	10	10	10	10	10	10	1	1	1	10	10	10	2	2	2	0	0	0	0	0	0	0	0	0	0	0	0.103194	14	0	1	1	0	1	10	10	10	10	10	10	10	10	10	1	1	1	10	10	10	2	2	2	0	0	0	0	0	0	00:00:00.014
21:54:41	15.06.2015	gcc/sdbout.s	1	0	0	0	0	0	0	0	0	0	0	0	0	0	0	0	0	0	0	0	0	0	0	0	0	0	0	0	0	0	0	0	0	0	0	0.063315	1	0	0	0	0	0	0	0	0	0	0	0	0	0	0	0	0	0	0	0	0	0	0	0	0	0	0	0	0	0	00:00:00.007
21:54:41	15.06.2015	gcc/mkdeps.s	730	0	8	35	0	7	167	83.625	31	167	83.625	31	167	83.625	31	3	1.375	1	167	83.625	31	3	1.62857	1	2	0.171429	0	1	0.4	0	0	4	4	1	3	14.665	741	0	8	34	0	7	167	85	31	167	85	31	167	85	31	3	1.25	1	167	85	31	3	1.64706	1	2	0.176471	0	1	0.411765	0	00:00:00.149
21:54:41	15.06.2015	gcc/version.s	8	0	0	0	0	0	0	0	0	0	0	0	0	0	0	0	0	0	0	0	0	0	0	0	0	0	0	0	0	0	0	0	0	0	0	0.03589	8	0	0	0	0	0	0	0	0	0	0	0	0	0	0	0	0	0	0	0	0	0	0	0	0	0	0	0	0	0	00:00:00.006
21:54:41	15.06.2015	gcc/reorg.s	1	0	0	0	0	0	0	0	0	0	0	0	0	0	0	0	0	0	0	0	0	0	0	0	0	0	0	0	0	0	0	0	0	0	0	0.04597	1	0	0	0	0	0	0	0	0	0	0	0	0	0	0	0	0	0	0	0	0	0	0	0	0	0	0	0	0	0	00:00:00.004
21:54:41	15.06.2015	gcc/langhooks.s	433	0	23	6	0	23	116	15.6087	2	116	15.6087	2	116	15.6087	2	1	1	1	116	15.6087	2	3	2.16667	0	1	0.5	0	1	0.333333	0	0	0	0	0	0	0.348714	433	0	23	6	0	23	116	15.6087	2	116	15.6087	2	116	15.6087	2	1	1	1	116	15.6087	2	3	2.16667	0	1	0.5	0	1	0.333333	0	00:00:00.067
21:54:41	15.06.2015	gcc/genrtl.s	3003	0	41	82	0	41	177	71.3659	34	177	71.3659	34	177	71.3659	34	1	1	1	177	71.3659	34	5	3	1	4	2.5	1	0	0	0	0	0	0	0	0	1.83519	3003	0	41	82	0	41	177	71.3659	34	177	71.3659	34	177	71.3659	34	1	1	1	177	71.3659	34	5	3	1	4	2.5	1	0	0	0	00:00:00.099
21:54:41	15.06.2015	gcc/line-map.s	629	0	6	13	0	5	293	94.5	27	293	94.5	27	293	94.5	27	1	1	1	293	94.5	27	3	2	0	1	0.153846	0	1	0.230769	0	0	1	1	1	0	1.19286	611	0	5	11	0	5	306	110.2	27	306	110.2	27	306	110.2	27	1	1	1	306	110.2	27	3	2	0	1	0.181818	0	1	0.181818	0	00:00:00.289
21:54:41	15.06.2015	gcc/mbchar.s	1	0	0	0	0	0	0	0	0	0	0	0	0	0	0	0	0	0	0	0	0	0	0	0	0	0	0	0	0	0	0	0	0	0	0	0.070647	1	0	0	0	0	0	0	0	0	0	0	0	0	0	0	0	0	0	0	0	0	0	0	0	0	0	0	0	0	0	00:00:00.008
21:54:41	15.06.2015	gcc/cfgcleanup.s	7957	0	19	193	0	1	1021	400.947	22	1021	400.947	22	1021	400.947	22	4	1.52632	1	1021	400.947	22	5	1.66839	0	3	0.103627	0	3	0.440415	0	0	28	28	20	1	24244	298	0	2	8	0	1	84	56	28	84	56	28	84	56	28	1	1	1	84	56	28	1	0.625	0	1	0.125	0	1	0.25	0	00:01:21.81632
21:56:03	15.06.2015	gcc/xstrerror.s	28	0	1	2	0	1	18	18	18	18	18	18	18	18	18	1	1	1	18	18	18	3	2	1	2	1	0	0	0	0	0	0	0	0	0	0.117987	28	0	1	2	0	1	18	18	18	18	18	18	18	18	18	1	1	1	18	18	18	3	2	1	2	1	0	0	0	0	00:00:00.011
21:56:03	15.06.2015	gcc/dependence.s	5468	2	23	62	2	5	1022	231.087	13	1022	231.087	13	1022	231.087	13	2	1.17391	1	1022	231.087	13	6	2.64516	0	4	0.483871	0	4	0.790323	0	2	36	20	18	0	14714.4	644	0	5	9	0	5	205	115	13	205	115	13	205	115	13	1	1	1	205	115	13	3	1.88889	1	3	1.33333	0	1	0.111111	0	00:00:35.35970
21:56:39	15.06.2015	gcc/intl.s	1	0	0	0	0	0	0	0	0	0	0	0	0	0	0	0	0	0	0	0	0	0	0	0	0	0	0	0	0	0	0	0	0	0	0	0.048937	1	0	0	0	0	0	0	0	0	0	0	0	0	0	0	0	0	0	0	0	0	0	0	0	0	0	0	0	0	0	00:00:00.007
21:56:39	15.06.2015	gcc/alloca.s	192	1	2	5	1	1	141	80.5	20	141	80.5	20	141	80.5	20	1	1	1	141	80.5	20	1	0.4	0	0	0	0	1	0.2	0	1	2	0	0	0	0.120839	192	1	2	5	1	1	141	80.5	20	141	80.5	20	141	80.5	20	1	1	1	141	80.5	20	1	0.4	0	0	0	0	1	0.2	0	00:00:00.041
21:56:39	15.06.2015	gcc/lbasename.s	43	0	1	0	0	1	30	30	30	30	30	30	30	30	30	1	1	1	30	30	30	0	0	0	0	0	0	0	0	0	0	0	0	0	0	0.131947	43	0	1	0	0	1	30	30	30	30	30	30	30	30	30	1	1	1	30	30	30	0	0	0	0	0	0	0	0	0	00:00:00.011
21:56:39	15.06.2015	gcc/insn-emit.s	28299	0	775	6424	0	775	845	35	3	845	35	3	845	35	3	6	1.11613	1	845	35	3	7	2.13994	0	4	1.18758	0	1	0.000155666	0	0	90	90	55	35	2026.37	28991	0	775	6667	0	775	845	35.8929	3	845	35.8929	3	845	35.8929	3	3	1.04516	1	845	35.8929	3	7	2.17159	0	4	1.22454	0	1	0.000149993	0	00:00:13.13888
21:56:53	15.06.2015	gcc/getpwd.s	154	0	1	9	0	1	119	119	119	119	119	119	119	119	119	1	1	1	119	119	119	2	1	0	1	0.222222	0	1	0.444444	0	0	0	0	0	0	0.119648	154	0	1	9	0	1	119	119	119	119	119	119	119	119	119	1	1	1	119	119	119	2	1	0	1	0.222222	0	1	0.444444	0	00:00:00.042
21:56:53	15.06.2015	gcc/xcoffout.s	1	0	0	0	0	0	0	0	0	0	0	0	0	0	0	0	0	0	0	0	0	0	0	0	0	0	0	0	0	0	0	0	0	0	0	0.058838	1	0	0	0	0	0	0	0	0	0	0	0	0	0	0	0	0	0	0	0	0	0	0	0	0	0	0	0	0	0	00:00:00.006
21:56:53	15.06.2015	gcc/insn-peep.s	1	0	0	0	0	0	0	0	0	0	0	0	0	0	0	0	0	0	0	0	0	0	0	0	0	0	0	0	0	0	0	0	0	0	0	0.05376	1	0	0	0	0	0	0	0	0	0	0	0	0	0	0	0	0	0	0	0	0	0	0	0	0	0	0	0	0	0	00:00:00.012
21:56:53	15.06.2015	gcc/cpperror.s	685	0	13	60	0	12	183	45.4615	12	183	45.4615	12	183	45.4615	12	9	1.76923	1	183	45.4615	12	4	2.15	0	3	0.6	0	0	0	0	0	11	11	9	2	20.7968	874	0	12	44	0	12	200	65.5833	12	200	65.5833	12	200	65.5833	12	2	1.16667	1	200	65.5833	12	3	1.72727	0	1	0.295455	0	0	0	0	00:00:00.172
21:56:53	15.06.2015	gcc/convert.s	1596	5	5	95	5	0	1007	289	78	1007	289	78	1007	289	78	1	1	1	1007	289	78	3	2.04211	1	2	0.347368	0	0	0	0	5	9	0	0	0	7.50355	1596	5	5	95	5	0	1007	289	78	1007	289	78	1007	289	78	1	1	1	1007	289	78	3	2.04211	1	2	0.347368	0	0	0	0	00:00:12.12291
21:57:05	15.06.2015	gcc/cfgrtl.s	8884	0	36	258	0	29	1553	234.861	6	1553	234.861	6	1553	234.861	6	7	1.94444	1	1553	234.861	6	5	1.88372	0	3	0.166667	0	2	0.313953	0	0	41	41	26	17	4806.79	8213	0	31	209	0	29	1553	251.419	6	1553	251.419	6	1553	251.419	6	6	1.48387	1	1553	251.419	6	5	1.95215	0	3	0.181818	0	2	0.354067	0	00:01:07.67549
21:58:13	15.06.2015	gcc/xmalloc.s	143	0	5	9	0	5	38	21.4	5	38	21.4	5	38	21.4	5	4	1.6	1	38	21.4	5	3	1.44444	1	1	0.222222	0	0	0	0	0	3	3	2	1	0.274906	153	0	5	11	0	5	43	23.4	5	43	23.4	5	43	23.4	5	2	1.2	1	43	23.4	5	3	1.72727	1	1	0.545455	0	0	0	0	00:00:00.021
21:58:13	15.06.2015	gcc/obstack.s	1	0	0	0	0	0	0	0	0	0	0	0	0	0	0	0	0	0	0	0	0	0	0	0	0	0	0	0	0	0	0	0	0	0	0	0.041495	1	0	0	0	0	0	0	0	0	0	0	0	0	0	0	0	0	0	0	0	0	0	0	0	0	0	0	0	0	0	00:00:00.008
21:58:13	15.06.2015	gcc/c-errors.s	53	0	1	4	0	1	29	29	29	29	29	29	29	29	29	1	1	1	29	29	29	6	2.25	1	0	0	0	0	0	0	0	0	0	0	0	0.058061	53	0	1	4	0	1	29	29	29	29	29	29	29	29	29	1	1	1	29	29	29	6	2.25	1	0	0	0	0	0	0	00:00:00.008
21:58:13	15.06.2015	gcc/safe-ctype.s	11	0	0	0	0	0	0	0	0	0	0	0	0	0	0	0	0	0	0	0	0	0	0	0	0	0	0	0	0	0	0	0	0	0	0	0.056324	11	0	0	0	0	0	0	0	0	0	0	0	0	0	0	0	0	0	0	0	0	0	0	0	0	0	0	0	0	0	00:00:00.014
21:58:13	15.06.2015	gcc/cfg.s	3377	0	24	85	0	22	594	124.542	4	594	124.542	4	594	124.542	4	4	1.625	1	594	124.542	4	5	2.52941	0	4	0.576471	0	2	0.458824	0	0	17	17	12	5	187.034	3514	0	22	73	0	22	672	142.227	4	672	142.227	4	672	142.227	4	3	1.22727	1	672	142.227	4	5	2.69863	0	4	0.739726	0	2	0.438356	0	00:00:02.2481
21:58:16	15.06.2015	gcc/hex.s	8	0	1	0	0	1	2	2	2	2	2	2	2	2	2	1	1	1	2	2	2	0	0	0	0	0	0	0	0	0	0	0	0	0	0	0.054147	8	0	1	0	0	1	2	2	2	2	2	2	2	2	2	1	1	1	2	2	2	0	0	0	0	0	0	0	0	0	00:00:00.009
21:58:16	15.06.2015	gcc/dwarfout.s	1	0	0	0	0	0	0	0	0	0	0	0	0	0	0	0	0	0	0	0	0	0	0	0	0	0	0	0	0	0	0	0	0	0	0	0.070697	1	0	0	0	0	0	0	0	0	0	0	0	0	0	0	0	0	0	0	0	0	0	0	0	0	0	0	0	0	0	00:00:00.006
21:58:16	15.06.2015	gcc/sibcall.s	3454	3	14	61	3	2	745	235.286	39	745	235.286	39	745	235.286	39	2	1.21429	1	745	235.286	39	3	1.34426	0	3	0.114754	0	2	0.360656	0	3	23	12	9	1	3486.87	1738	3	5	30	3	2	779	318.6	114	779	318.6	114	779	318.6	114	2	1.2	1	779	318.6	114	3	1.2	0	3	0.166667	0	2	0.6	0	00:00:11.11377

