time_start date_start test_file Pre_total_node_count Pre_tot_phi_node_count Pre_tot_lambda_node_count Pre_tot_apply_node_count Pre_tot_lambdas_inside_phis Pre_Max_NC Pre_Avg_NC Pre_Min_NC Pre_Max_SCC Pre_Avg_SCC Pre_Min_SCC Pre_Max_CIN Pre_Avg_CIN Pre_Min_CIN Pre_Max_PC Pre_Avg_PC Pre_Min_PC Pre_Max_CPC Pre_Avg_CPC Pre_Min_CPC Pre_Max_LND Pre_Avg_LND Pre_Min_LND loop_breakers_size static_known_applies static_known_applies_minus_loop_breakers applies_after_inlining wall_clock_ms Post_total_node_count Post_tot_phi_node_count Post_tot_lambda_node_count Post_tot_apply_node_count Post_tot_lambdas_inside_phis Post_Max_NC Post_Avg_NC Post_Min_NC Post_Max_SCC Post_Avg_SCC Post_Min_SCC Post_Max_CIN Post_Avg_CIN Post_Min_CIN Post_Max_PC Post_Avg_PC Post_Min_PC Post_Max_CPC Post_Avg_CPC Post_Min_CPC Post_Max_LND Post_Avg_LND Post_Min_LND duration_secs
23:33:24 14.06.2015 h264ref/specrand.s 62 0 2 0 0 41 23 5 1 1 1 41 23 5 0 0 0 0 0 0 0 0 0 0 0 0 0 0.112506 62 0 2 0 0 41 23 5 1 1 1 41 23 5 0 0 0 0 0 0 0 0 0 00:00:00.009
23:33:24 14.06.2015 libquantum/qft.s 106 0 2 4 0 46 45.5 45 1 1 1 46 45.5 45 3 2.5 2 0 0 0 2 1.5 1 0 0 0 0 0.275609 106 0 2 4 0 46 45.5 45 1 1 1 46 45.5 45 3 2.5 2 0 0 0 2 1.5 1 00:00:00.020
23:33:24 14.06.2015 libquantum/classic.s 256 0 5 1 0 106 41.2 21 1 1 1 106 41.2 21 1 1 1 0 0 0 1 1 1 0 0 0 0 0.188727 256 0 5 1 0 106 41.2 21 1 1 1 106 41.2 21 1 1 1 0 0 0 1 1 1 00:00:00.031
23:33:24 14.06.2015 libquantum/qec.s 678 0 8 41 0 228 77.875 10 4 1.875 1 228 77.875 10 3 2.07317 1 2 0.243902 0 1 0.414634 0 0 7 7 3 3.09078 740 0 8 37 0 252 85.625 10 2 1.375 1 252 85.625 10 3 2.02703 1 2 0.162162 0 1 0.459459 0 00:00:00.140
23:33:24 14.06.2015 libquantum/oaddn.s 938 0 10 99 0 201 90.9 19 3 2 1 201 90.9 19 8 3.46465 2 1 0.010101 0 1 0.121212 0 0 10 10 6 9.31902 1069 0 10 94 0 201 104 23 4 1.6 1 201 104 23 7 3.43617 2 1 0.0106383 0 1 0.106383 0 00:00:00.141
23:33:24 14.06.2015 libquantum/version.s 8 0 1 0 0 2 2 2 1 1 1 2 2 2 0 0 0 0 0 0 0 0 0 0 0 0 0 0.054794 8 0 1 0 0 2 2 2 1 1 1 2 2 2 0 0 0 0 0 0 0 0 0 00:00:00.008
23:33:24 14.06.2015 libquantum/expn.s 81 0 1 2 0 68 68 68 1 1 1 68 68 68 5 3.5 2 0 0 0 1 0.5 0 0 0 0 0 0.128512 81 0 1 2 0 68 68 68 1 1 1 68 68 68 5 3.5 2 0 0 0 1 0.5 0 00:00:00.017
23:33:25 14.06.2015 libquantum/specrand.s 62 0 2 0 0 41 23 5 1 1 1 41 23 5 0 0 0 0 0 0 0 0 0 0 0 0 0 0.07087 62 0 2 0 0 41 23 5 1 1 1 41 23 5 0 0 0 0 0 0 0 0 0 00:00:00.008
23:33:25 14.06.2015 libquantum/omuln.s 252 0 4 17 0 86 58.25 27 3 2 1 86 58.25 27 5 3.94118 2 0 0 0 1 0.411765 0 0 4 4 2 1.42859 257 0 4 14 0 87 59.5 27 2 1.5 1 87 59.5 27 5 3.92857 2 0 0 0 1 0.5 0 00:00:00.028
23:33:25 14.06.2015 gromacs/do_fit.s 1717 0 13 22 0 556 94.6923 5 5 1.61538 1 556 94.6923 5 6 3.36364 1 5 0.727273 0 2 0.409091 0 0 13 13 1 1160.68 1805 0 8 10 0 708 166.125 20 2 1.125 1 708 166.125 20 5 3.6 1 5 1 0 1 0.3 0 00:00:02.2431
23:33:27 14.06.2015 gromacs/pullinit.s 2384 0 11 97 0 1114 170.091 16 13 2.63636 1 1114 170.091 16 8 3.36082 1 4 1 0 2 0.360825 0 0 28 28 4 81451.4 2292 0 3 47 0 1690 612.667 31 3 1.66667 1 1690 612.667 31 6 3.7234 1 4 1.42553 0 1 0.212766 0 00:01:34.94829
23:35:02 14.06.2015 gromacs/nsgrid.s 2100 0 15 52 0 241 125.667 21 6 1.53333 1 241 125.667 21 7 3.63462 1 3 0.692308 0 4 0.653846 0 0 11 11 1 54.1461 2151 0 13 39 0 265 149.154 19 1 1 1 265 149.154 19 5 3.28205 1 3 0.666667 0 4 0.538462 0 00:00:00.475
23:35:02 14.06.2015 gromacs/ionize.s 4166 0 19 129 0 1313 136.789 5 15 2.78947 1 1313 136.789 5 7 2.36434 0 5 0.27907 0 2 0.364341 0 0 40 40 4 18847.8 4660 0 14 102 0 1475 223.071 14 2 1.21429 1 1475 223.071 14 7 2.58824 0 5 0.352941 0 2 0.372549 0 00:00:42.42321
23:35:45 14.06.2015 gromacs/names.s 302 0 0 0 0 0 0 0 0 0 0 0 0 0 0 0 0 0 0 0 0 0 0 0 0 0 0 0.280947 302 0 0 0 0 0 0 0 0 0 0 0 0 0 0 0 0 0 0 0 0 0 0 00:00:00.015
23:35:45 14.06.2015 gromacs/edsam.s 8119 0 38 258 0 853 170.605 12 14 3.65789 1 853 170.605 12 6 3.06202 1 5 0.527132 0 2 0.209302 0 0 108 108 28 9642.43 8425 0 31 200 0 738 220.419 12 7 1.90323 1 738 220.419 12 5 3.265 1 5 0.88 0 2 0.165 0 00:00:17.17509
23:36:02 14.06.2015 gromacs/buffer.s 193 0 4 4 0 96 42.25 17 4 1.75 1 96 42.25 17 3 1.5 1 0 0 0 1 1 1 0 3 3 1 0.61335 215 0 4 2 0 108 47.75 15 2 1.25 1 108 47.75 15 3 2 1 0 0 0 1 1 1 00:00:00.032
23:36:02 14.06.2015 gromacs/pullutil.s 2323 0 15 45 0 467 117.6 12 6 2.4 1 467 117.6 12 6 2.62222 1 4 0.333333 0 2 0.8 0 0 29 29 1 266.485 2735 0 7 15 0 676 319 30 2 1.14286 1 676 319 30 6 3.46667 1 4 1 0 2 0.866667 0 00:00:01.1227
23:36:03 14.06.2015 gromacs/memdump.s 236 0 3 9 0 118 65.3333 23 2 1.33333 1 118 65.3333 23 3 2.55556 1 1 0.111111 0 1 0.555556 0 0 3 3 1 1.97161 185 0 2 5 0 123 73 23 1 1 1 123 73 23 3 2.2 1 1 0.2 0 1 0.6 0 00:00:00.039
23:36:03 14.06.2015 gromacs/calch.s 5009 1 7 54 1 1176 198.571 5 5 2.57143 1 1176 198.571 5 3 1.27778 1 1 0.0185185 0 1 0.62963 0 1 17 16 1 715.294 5142 1 3 41 1 1438 509.667 23 1 1 1 1438 509.667 23 3 1.12195 1 1 0.0243902 0 1 0.707317 0 00:00:06.6502
23:36:10 14.06.2015 gromacs/strdb.s 551 0 7 43 0 111 64.2857 19 2 1.14286 1 111 64.2857 19 5 2.30233 1 4 0.627907 0 1 0.372093 0 0 1 1 1 0.338465 551 0 7 43 0 111 64.2857 19 2 1.14286 1 111 64.2857 19 5 2.30233 1 4 0.627907 0 1 0.372093 0 00:00:00.053
23:36:10 14.06.2015 gromacs/princ.s 1746 0 12 32 0 705 114.083 5 6 1.83333 1 705 114.083 5 6 2.6875 1 5 0.3125 0 1 0.40625 0 0 16 16 1 44.6009 1594 0 7 17 0 715 176.143 5 1 1 1 715 176.143 5 5 2.88235 1 5 0.588235 0 1 0.352941 0 00:00:03.3041
23:36:13 14.06.2015 gromacs/mvdata.s 2139 0 26 160 0 185 74.5385 14 3 1.23077 1 185 74.5385 14 5 3.68125 1 5 1.2875 0 2 0.15 0 0 30 30 1 40.803 761 0 3 45 0 359 205.667 34 1 1 1 359 205.667 34 5 3.64444 2 2 1.28889 0 1 0.0444444 0 00:00:00.185
23:36:13 14.06.2015 gromacs/disre.s 2704 0 7 29 0 752 218.571 5 2 1.28571 1 752 218.571 5 5 2.34483 1 0 0 0 2 1.03448 0 0 6 6 1 988.25 2755 0 4 24 0 842 396.5 24 1 1 1 842 396.5 24 5 2.33333 1 0 0 0 2 0.875 0 00:00:03.3543
23:36:17 14.06.2015 gromacs/random.s 1322 0 9 19 0 333 101.111 12 3 1.77778 1 333 101.111 12 9 3 0 4 0.263158 0 2 0.315789 0 0 10 10 2 143.935 1427 0 6 12 0 512 169.667 38 2 1.33333 1 512 169.667 38 9 3.33333 0 4 0.416667 0 1 0.25 0 00:00:00.396
23:36:17 14.06.2015 gromacs/calcmu.s 262 0 3 2 0 145 66 23 1 1 1 145 66 23 4 3 2 2 1 0 0 0 0 0 1 1 0 0.399987 258 0 2 1 0 145 97.5 50 1 1 1 145 97.5 50 4 4 4 2 2 2 0 0 0 00:00:00.044
23:36:17 14.06.2015 gromacs/pppm.s 2950 0 12 72 0 405 185.667 5 3 2.16667 1 405 185.667 5 16 4.48611 1 4 0.666667 0 1 0.194444 0 0 17 17 9 286.883 3062 0 11 64 0 483 213.364 38 3 1.63636 1 483 213.364 38 12 4.3125 1 4 0.75 0 1 0.125 0 00:00:01.1122
23:36:18 14.06.2015 gromacs/3dview.s 1610 0 16 63 0 215 73.125 12 10 3.25 1 215 73.125 12 5 1.85714 1 5 0.222222 0 2 0.111111 0 0 39 39 1 67.6935 1434 0 13 30 0 324 81.0769 12 2 1.07692 1 324 81.0769 12 5 1.66667 1 5 0.3 0 2 0.166667 0 00:00:00.264
23:36:19 14.06.2015 gromacs/smalloc.s 267 1 6 18 1 51 37.8333 17 2 1.16667 1 51 37.8333 17 5 1.38889 0 3 0.333333 0 1 0.111111 0 1 2 1 0 0.571577 279 1 6 17 1 51 39.8333 17 1 1 1 51 39.8333 17 5 1.47059 0 3 0.352941 0 1 0.117647 0 00:00:00.027
23:36:19 14.06.2015 gromacs/orires.s 5842 0 18 76 0 1562 242.611 5 6 1.83333 1 1562 242.611 5 5 2.97368 1 5 0.0657895 0 3 0.618421 0 0 29 29 1 155540 6370 0 5 48 0 2170 982.2 331 1 1 1 2170 982.2 331 5 3.52083 1 5 0.104167 0 2 0.416667 0 00:03:00.180819
23:39:20 14.06.2015 gromacs/mdatom.s 2060 0 3 52 0 963 522.333 155 1 1 1 963 522.333 155 5 4.01923 1 5 1.78846 0 1 0.115385 0 0 0 0 0 3.12148 2060 0 3 52 0 963 522.333 155 1 1 1 963 522.333 155 5 4.01923 1 5 1.78846 0 1 0.115385 0 00:00:06.6867
23:39:26 14.06.2015 gromacs/macros.s 37 0 0 0 0 0 0 0 0 0 0 0 0 0 0 0 0 0 0 0 0 0 0 0 0 0 0 0.137345 37 0 0 0 0 0 0 0 0 0 0 0 0 0 0 0 0 0 0 0 0 0 0 00:00:00.014
23:39:27 14.06.2015 gromacs/fatal.s 1040 0 20 67 0 356 40.65 2 8 1.65 1 356 40.65 2 5 2.23881 0 4 0.522388 0 2 0.373134 0 0 16 16 5 36.7895 1030 0 17 55 0 478 47.7647 2 4 1.29412 1 478 47.7647 2 5 2.10909 0 4 0.6 0 2 0.254545 0 00:00:00.315
23:39:27 14.06.2015 gromacs/pssolve.s 899 0 2 16 0 436 220.5 5 4 2.5 1 436 220.5 5 6 2.5625 1 1 0.125 0 4 0.375 0 0 4 4 1 2.92886 904 0 2 13 0 442 223.5 5 1 1 1 442 223.5 5 6 2.92308 1 1 0.153846 0 4 0.461538 0 00:00:00.475
23:39:28 14.06.2015 gromacs/synclib.s 12 0 1 3 0 6 6 6 1 1 1 6 6 6 1 1 1 1 0.666667 0 0 0 0 0 0 0 0 0.046438 12 0 1 3 0 6 6 6 1 1 1 6 6 6 1 1 1 1 0.666667 0 0 0 0 00:00:00.005
23:39:28 14.06.2015 gromacs/mvxvf.s 808 0 6 18 0 480 126.833 12 5 1.66667 1 480 126.833 12 10 4.61111 1 3 0.777778 0 2 0.777778 0 0 6 6 4 106.445 800 0 4 16 0 530 188.75 34 5 2 1 530 188.75 34 10 5 1 3 0.875 0 1 0.625 0 00:00:00.998
23:39:29 14.06.2015 gromacs/f77_wrappers.s 23 0 2 2 0 10 8 6 1 1 1 10 8 6 2 1.5 1 0 0 0 0 0 0 0 0 0 0 0.065931 23 0 2 2 0 10 8 6 1 1 1 10 8 6 2 1.5 1 0 0 0 0 0 0 00:00:00.011
23:39:29 14.06.2015 gromacs/nrjac.s 2892 0 3 29 0 804 385.333 6 2 1.33333 1 804 385.333 6 5 2.89655 1 4 0.482759 0 3 1.17241 0 0 2 2 1 9.27404 2888 0 2 28 0 807 576.5 346 2 1.5 1 807 576.5 346 5 2.96429 1 4 0.5 0 3 1.21429 0 00:00:02.2939
23:39:32 14.06.2015 gromacs/mdrun.s 707 0 1 16 0 265 265 265 1 1 1 265 265 265 11 3.3125 0 0 0 0 1 0.0625 0 0 0 0 0 0.405599 707 0 1 16 0 265 265 265 1 1 1 265 265 265 11 3.3125 0 0 0 0 1 0.0625 0 00:00:00.169
23:39:32 14.06.2015 gromacs/rdgroup.s 1002 0 7 46 0 421 123.714 12 4 1.71429 1 421 123.714 12 7 3.41304 1 5 1.15217 0 2 0.630435 0 0 7 7 6 4.98269 997 0 6 45 0 421 143.667 35 4 1.83333 1 421 143.667 35 7 3.46667 1 5 1.17778 0 2 0.688889 0 00:00:00.387
23:39:32 14.06.2015 gromacs/ebin.s 681 0 6 16 0 184 85.3333 5 1 1 1 184 85.3333 5 5 2.6875 1 5 0.9375 0 2 0.75 0 0 2 2 1 0.903042 675 0 5 15 0 184 101.8 7 1 1 1 184 101.8 7 5 2.8 1 5 1 0 2 0.733333 0 00:00:00.108
23:39:32 14.06.2015 gromacs/rando.s 115 0 2 3 0 81 45 9 1 1 1 81 45 9 1 0.666667 0 1 0.333333 0 0 0 0 0 0 0 0 0.095516 115 0 2 3 0 81 45 9 1 1 1 81 45 9 1 0.666667 0 1 0.333333 0 0 0 0 00:00:00.016
23:39:32 14.06.2015 gromacs/dummies.s 4769 0 25 106 0 605 163.16 12 21 2.96 1 605 163.16 12 12 2.93396 1 4 0.0754717 0 2 0.471698 0 0 72 72 1 3502.25 4098 0 3 15 0 1738 1163.33 24 1 1 1 1738 1163.33 24 4 2.26667 1 0 0 0 2 1.2 0 00:00:06.6470
23:39:39 14.06.2015 gromacs/wnblist.s 452 0 3 21 0 212 126.333 35 1 1 1 212 126.333 35 3 2.80952 1 1 0.142857 0 3 1.38095 0 0 1 1 0 13.0213 323 0 2 16 0 208 129 50 1 1 1 208 129 50 3 2.8125 1 1 0.0625 0 3 1.625 0 00:00:00.140
23:44:19 14.06.2015 gromacs/futil.s 951 0 18 74 0 127 42.4444 3 10 1.94444 1 127 42.4444 3 5 2.17568 1 5 0.689189 0 1 0.027027 0 0 17 17 3 10.0334 1089 0 18 62 0 146 50.9444 3 2 1.16667 1 146 50.9444 3 5 2.5 1 5 0.967742 0 1 0.016129 0 00:00:00.115
23:44:20 14.06.2015 gromacs/ifunc.s 341 0 1 0 0 45 45 45 1 1 1 45 45 45 0 0 0 0 0 0 0 0 0 0 0 0 0 0.208165 341 0 1 0 0 45 45 45 1 1 1 45 45 45 0 0 0 0 0 0 0 0 0 00:00:00.023
23:44:20 14.06.2015 gromacs/xvgr.s 1436 0 14 74 0 285 75 5 2 1.28571 1 285 75 5 5 2.63514 0 4 0.608108 0 2 0.445946 0 0 8 8 2 45.1405 1284 0 11 49 0 305 83.1818 15 2 1.09091 1 305 83.1818 15 5 2.85714 0 1 0.510204 0 2 0.55102 0 00:00:00.376
23:44:20 14.06.2015 gromacs/psgather.s 1080 0 3 10 0 399 274.333 62 2 1.33333 1 399 274.333 62 14 5.5 3 0 0 0 1 0.2 0 0 2 2 1 39.6159 1114 0 3 9 0 433 285.667 62 1 1 1 433 285.667 62 9 4.55556 3 0 0 0 1 0.111111 0 00:00:00.387
23:44:20 14.06.2015 gromacs/clincs.s 3006 0 2 4 0 1200 938.5 677 1 1 1 1200 938.5 677 1 1 1 0 0 0 2 1 0 0 0 0 0 6.97199 3006 0 2 4 0 1200 938.5 677 1 1 1 1200 938.5 677 1 1 1 0 0 0 2 1 0 00:00:06.6258
23:44:27 14.06.2015 gromacs/xdrd.s 28 0 2 2 0 14 11 8 1 1 1 14 11 8 4 3 2 0 0 0 0 0 0 0 0 0 0 0.130762 28 0 2 2 0 14 11 8 1 1 1 14 11 8 4 3 2 0 0 0 0 0 0 00:00:00.017
23:44:27 14.06.2015 gromacs/filenm.s 3070 0 26 115 0 505 93.1923 10 5 1.46154 1 505 93.1923 10 5 2.4087 1 4 0.321739 0 2 0.634783 0 0 18 18 1 81.9983 2263 0 21 79 0 505 78.8095 10 1 1 1 505 78.8095 10 5 2.49367 1 4 0.265823 0 2 0.759494 0 00:00:00.979
23:44:28 14.06.2015 gromacs/innerc.s 1 0 0 0 0 0 0 0 0 0 0 0 0 0 0 0 0 0 0 0 0 0 0 0 0 0 0 0.072309 1 0 0 0 0 0 0 0 0 0 0 0 0 0 0 0 0 0 0 0 0 0 0 00:00:00.009
23:44:28 14.06.2015 gromacs/ghat.s 1786 0 10 46 0 291 123.2 5 3 1.7 1 291 123.2 5 19 3.02174 1 3 0.369565 0 3 1.02174 0 0 12 12 1 107.348 1817 0 5 35 0 302 257.8 190 2 1.2 1 302 257.8 190 19 3 1 3 0.485714 0 3 0.914286 0 00:00:00.620
23:44:28 14.06.2015 gromacs/mshift.s 4510 0 20 62 0 317 179.65 23 4 1.3 1 317 179.65 23 8 3.16129 1 5 0.725806 0 2 0.370968 0 0 16 16 1 320.688 3509 0 11 43 0 359 242.364 40 1 1 1 359 242.364 40 8 2.81395 1 5 0.953488 0 2 0.209302 0 00:00:01.1849
23:44:30 14.06.2015 gromacs/atomprop.s 877 0 8 39 0 257 86.5 49 4 2.25 1 257 86.5 49 6 3.02564 0 4 0.384615 0 1 0.307692 0 0 15 15 9 11.3444 926 0 6 34 0 321 125.167 62 3 2 1 321 125.167 62 6 2.94118 0 4 0.441176 0 1 0.294118 0 00:00:00.168
23:44:30 14.06.2015 gromacs/xtcio.s 451 0 10 29 0 86 37.3 5 6 2 1 86 37.3 5 6 3.17241 1 4 0.689655 0 2 0.137931 0 0 13 13 4 6.65097 562 0 9 19 0 116 53.8889 5 3 1.22222 1 116 53.8889 5 6 3 1 4 0.473684 0 2 0.105263 0 00:00:00.048
23:44:30 14.06.2015 gromacs/pbc.s 4618 0 23 62 0 530 137.435 5 10 2.56522 1 530 137.435 5 5 1.82258 1 3 0.129032 0 3 0.370968 0 0 44 44 4 3525.05 5154 0 16 22 0 539 231.625 32 3 1.1875 1 539 231.625 32 5 1.81818 1 3 0.318182 0 3 0.318182 0 00:00:06.6088
23:44:36 14.06.2015 gromacs/coupling.s 5229 0 13 30 0 856 260.846 19 2 1.23077 1 856 260.846 19 5 2.83333 1 4 0.2 0 2 0.133333 0 0 10 10 1 25788.6 5500 0 7 20 0 1966 529.429 19 1 1 1 1966 529.429 19 5 3.2 1 4 0.2 0 2 0.2 0 00:00:34.34759
23:45:11 14.06.2015 gromacs/tables.s 7944 0 8 53 0 747 271.375 31 2 1.125 1 747 271.375 31 8 2.86792 0 5 0.660377 0 3 0.566038 0 0 8 8 1 1715.94 1182 0 2 13 0 541 400.5 260 1 1 1 541 400.5 260 7 3.30769 0 5 0.384615 0 3 0.769231 0 00:00:06.6419
23:45:18 14.06.2015 gromacs/ffscanf.s 324 0 2 10 0 227 133.5 40 1 1 1 227 133.5 40 3 1.9 0 0 0 0 2 0.9 0 0 1 1 0 2.93104 299 0 1 9 0 246 246 246 1 1 1 246 246 246 3 2 0 0 0 0 2 1 0 00:00:00.085
23:45:18 14.06.2015 gromacs/sim_util.s 3728 0 25 96 0 685 118.56 3 7 1.52 1 685 118.56 3 27 3.92708 0 6 0.395833 0 1 0.0416667 0 0 24 24 1 1510.64 3593 0 15 68 0 680 193.133 3 1 1 1 680 193.133 3 26 4.17647 0 6 0.5 0 1 0.0147059 0 00:00:05.5602
23:45:23 14.06.2015 gromacs/replace.s 556 0 2 18 0 289 261 233 1 1 1 289 261 233 5 1.55556 0 4 0.444444 0 1 0.333333 0 0 0 0 0 1.10139 556 0 2 18 0 289 261 233 1 1 1 289 261 233 5 1.55556 0 4 0.444444 0 1 0.333333 0 00:00:00.349
23:45:24 14.06.2015 gromacs/network.s 297 0 24 18 0 23 8.58333 2 1 1 1 23 8.58333 2 3 3 3 2 1.94444 1 0 0 0 0 0 0 0 0.117756 297 0 24 18 0 23 8.58333 2 1 1 1 23 8.58333 2 3 3 3 2 1.94444 1 0 0 0 00:00:00.018
23:45:24 14.06.2015 gromacs/index.s 2594 0 12 88 0 767 183.333 15 10 2.41667 1 767 183.333 15 6 3.34091 0 5 0.511364 0 4 0.829545 0 0 23 23 2 635.423 908 0 6 23 0 208 98.8333 15 3 1.33333 1 208 98.8333 15 5 3.52174 1 5 1.47826 0 2 0.391304 0 00:00:05.5541
23:45:29 14.06.2015 gromacs/block_tx.s 315 0 4 19 0 80 67.75 57 6 3.5 1 80 67.75 57 5 3.73684 3 4 1.47368 0 1 0.263158 0 0 10 10 10 0.285124 315 0 4 19 0 80 67.75 57 6 3.5 1 80 67.75 57 5 3.73684 3 4 1.47368 0 1 0.263158 0 00:00:00.032
23:45:29 14.06.2015 gromacs/maths.s 2791 0 6 9 0 295 112 18 1 1 1 295 112 18 1 1 1 0 0 0 0 0 0 0 0 0 0 2.21669 2791 0 6 9 0 295 112 18 1 1 1 295 112 18 1 1 1 0 0 0 0 0 0 00:00:00.463
23:45:30 14.06.2015 gromacs/stat.s 1412 0 7 73 0 562 167.857 4 4 1.57143 1 562 167.857 4 10 3.30137 0 4 0.178082 0 2 0.164384 0 0 6 6 4 23.4709 1428 0 6 71 0 562 198.667 4 4 1.5 1 562 198.667 4 10 3.33803 0 4 0.183099 0 2 0.140845 0 00:00:01.1110
23:45:31 14.06.2015 gromacs/tgroup.s 1561 0 14 28 0 218 89.9286 12 8 1.57143 1 218 89.9286 12 5 2.57143 0 4 0.321429 0 1 0.321429 0 0 15 15 1 26.427 1011 0 8 9 0 227 99.125 12 1 1 1 227 99.125 12 4 2.22222 0 0 0 0 1 0.555556 0 00:00:00.245
23:45:31 14.06.2015 gromacs/pdbio.s 4169 0 17 125 0 736 155.941 5 9 1.94118 1 736 155.941 5 9 1.832 0 4 0.104 0 1 0.408 0 0 23 23 2 1622.26 3265 0 10 82 0 765 182.6 5 2 1.2 1 765 182.6 5 9 1.92683 0 4 0.134146 0 1 0.597561 0 00:00:05.5771
23:45:37 14.06.2015 gromacs/rmpbc.s 262 0 2 8 0 188 105.5 23 1 1 1 188 105.5 23 5 3.25 1 1 0.125 0 1 0.125 0 0 1 1 0 0.596097 258 0 1 7 0 208 208 208 1 1 1 208 208 208 5 3.42857 1 1 0.142857 0 0 0 0 00:00:00.055
23:45:37 14.06.2015 gromacs/invblock.s 118 0 1 1 0 96 96 96 1 1 1 96 96 96 5 5 5 4 4 4 0 0 0 0 0 0 0 0.16835 118 0 1 1 0 96 96 96 1 1 1 96 96 96 5 5 5 4 4 4 0 0 0 00:00:00.026
23:45:37 14.06.2015 gromacs/pme.s 6315 0 14 57 0 701 234.857 13 4 1.92857 1 701 234.857 13 12 4.33333 1 4 1 0 3 0.210526 0 0 14 14 2 671.428 6163 0 13 40 0 701 245.462 13 2 1.15385 1 701 245.462 13 9 4.1 1 4 1.05 0 3 0.3 0 00:00:03.3195
23:45:40 14.06.2015 gromacs/comlib.s 129 0 4 2 0 27 25.75 24 2 1.5 1 27 25.75 24 1 0.5 0 0 0 0 1 1 1 0 2 2 1 0.460516 150 0 4 1 0 48 31 24 2 1.25 1 48 31 24 1 1 1 0 0 0 1 1 1 00:00:00.015
23:45:40 14.06.2015 gromacs/csettle.s 2537 0 1 12 0 1119 1119 1119 1 1 1 1119 1119 1119 3 1.5 1 1 0.25 0 1 0.583333 0 0 0 0 0 2.53208 2537 0 1 12 0 1119 1119 1119 1 1 1 1119 1119 1119 3 1.5 1 1 0.25 0 1 0.583333 0 00:00:01.1307
23:45:42 14.06.2015 gromacs/shift_util.s 5458 0 29 90 0 496 99.7931 5 3 1.48276 1 496 99.7931 5 5 2.4 1 4 0.177778 0 3 0.655556 0 0 20 20 2 1739.52 5639 0 24 72 0 718 128.833 13 2 1.04167 1 718 128.833 13 5 2.41667 1 4 0.222222 0 3 0.416667 0 00:00:04.4028
23:45:46 14.06.2015 gromacs/calcvir.s 1445 0 4 13 0 489 222 31 6 3 1 489 222 31 9 3.92308 1 1 0.0769231 0 0 0 0 0 10 10 1 138.892 1000 0 2 4 0 541 423.5 306 2 1.5 1 541 423.5 306 5 2 1 0 0 0 0 0 0 00:00:00.366
23:45:46 14.06.2015 gromacs/splittop.s 1156 0 5 24 0 685 214.4 33 5 2 1 685 214.4 33 5 4.25 3 5 1.08333 0 3 0.583333 0 0 7 7 1 25.5707 975 0 3 15 0 667 298.667 45 2 1.33333 1 667 298.667 45 5 4.53333 3 5 1.33333 0 3 0.866667 0 00:00:02.2323
23:45:48 14.06.2015 gromacs/xutils.s 2725 0 16 81 0 612 114.375 12 2 1.1875 1 612 114.375 12 8 2.60494 0 4 0.666667 0 2 0.37037 0 0 12 12 1 1073.12 1379 0 8 35 0 235 122.25 13 1 1 1 235 122.25 13 6 2.34286 0 4 0.428571 0 1 0.142857 0 00:00:02.2649
23:45:51 14.06.2015 gromacs/typedefs.s 947 0 11 39 0 235 73.0909 7 4 1.72727 1 235 73.0909 7 5 3.48718 1 5 1.23077 0 1 0.179487 0 0 8 8 2 5.20035 952 0 11 34 0 235 74.1818 7 2 1.18182 1 235 74.1818 7 5 3.79412 1 5 1.35294 0 1 0.205882 0 00:00:00.158
23:45:51 14.06.2015 gromacs/vec.s 99 0 2 1 0 37 35 33 1 1 1 37 35 33 1 1 1 0 0 0 1 1 1 0 0 0 0 0.240035 99 0 2 1 0 37 35 33 1 1 1 37 35 33 1 1 1 0 0 0 1 1 1 00:00:00.015
23:45:51 14.06.2015 gromacs/symtab.s 865 0 11 25 0 177 69.4545 4 3 1.27273 1 177 69.4545 4 5 2.64 0 5 0.36 0 2 0.44 0 0 6 6 1 8.84756 561 0 8 14 0 122 60.375 4 2 1.125 1 122 60.375 4 4 3.35714 1 0 0 0 2 0.642857 0 00:00:00.124
23:45:51 14.06.2015 gromacs/shakef.s 2791 0 7 29 0 521 204.286 5 3 1.71429 1 521 204.286 5 13 3.24138 1 4 0.62069 0 2 0.827586 0 0 9 9 2 22.4454 2838 0 4 23 0 521 370.5 251 2 1.25 1 521 370.5 251 13 3.65217 1 4 0.782609 0 2 0.869565 0 00:00:01.1105
23:45:52 14.06.2015 gromacs/gbutil.s 1849 0 10 31 0 416 133.3 5 3 1.9 1 416 133.3 5 6 1.93548 1 1 0.0322581 0 2 0.580645 0 0 14 14 3 66.4632 1958 0 6 21 0 416 241.667 16 2 1.33333 1 416 241.667 16 5 1.66667 1 1 0.047619 0 2 0.714286 0 00:00:01.1005
23:45:53 14.06.2015 gromacs/psspread.s 1338 0 4 24 0 625 177 5 7 2.5 1 625 177 5 6 2.33333 1 4 0.291667 0 3 0.708333 0 0 9 9 1 1186.04 1336 0 2 16 0 705 355 5 1 1 1 705 355 5 6 2.6875 1 4 0.4375 0 2 0.4375 0 00:00:02.2369
23:45:56 14.06.2015 gromacs/pullio.s 2482 0 10 134 0 732 175.9 16 7 1.6 1 732 175.9 16 6 3.05224 1 3 0.776119 0 2 0.201493 0 0 10 10 1 430.361 2688 0 7 125 0 711 283 47 1 1 1 711 283 47 6 3.088 1 3 0.832 0 2 0.152 0 00:00:06.6001
23:46:02 14.06.2015 gromacs/string2.s 898 0 13 34 0 287 62.7692 7 3 1.23077 1 287 62.7692 7 5 2 1 4 0.5 0 2 0.382353 0 0 3 3 1 5.77208 881 0 13 32 0 287 61.4615 12 2 1.07692 1 287 61.4615 12 5 2.0625 1 4 0.53125 0 2 0.40625 0 00:00:00.230
23:46:02 14.06.2015 gromacs/viewit.s 325 0 3 19 0 124 81 38 3 2 1 124 81 38 3 1.68421 0 1 0.368421 0 1 0.263158 0 0 3 3 1 4.19626 350 0 3 18 0 131 89.3333 38 2 1.33333 1 131 89.3333 38 3 1.61111 0 1 0.388889 0 1 0.277778 0 00:00:00.074
23:46:04 14.06.2015 gromacs/ewald_util.s 2179 0 6 24 0 712 157.5 31 2 1.33333 1 712 157.5 31 3 2 1 2 0.0833333 0 3 1.125 0 0 6 6 1 7691.52 2246 0 3 19 0 907 339.333 44 1 1 1 907 339.333 44 3 1.89474 1 2 0.105263 0 2 0.789474 0 00:00:11.11241
23:46:15 14.06.2015 gromacs/init_sh.s 1028 0 2 18 0 770 430 90 2 1.5 1 770 430 90 5 3.22222 3 1 0.111111 0 1 0.611111 0 0 2 2 1 54.1428 1041 0 2 17 0 783 436.5 90 1 1 1 783 436.5 90 5 3.23529 3 1 0.117647 0 1 0.588235 0 00:00:03.3260
23:46:19 14.06.2015 gromacs/vcm.s 3312 0 18 51 0 641 139.333 5 4 1.5 1 641 139.333 5 5 2.84314 1 5 0.764706 0 2 0.666667 0 0 23 23 1 13883.2 3592 0 5 28 0 1529 568 24 1 1 1 1529 568 24 5 3.5 1 5 1.32143 0 1 0.5 0 00:00:16.16458
23:46:35 14.06.2015 gromacs/glaasje.s 1503 0 1 14 0 427 427 427 1 1 1 427 427 427 5 2.14286 1 4 1 0 1 0.285714 0 0 0 0 0 1.20511 1503 0 1 14 0 427 427 427 1 1 1 427 427 427 5 2.14286 1 4 1 0 1 0.285714 0 00:00:00.525
23:46:36 14.06.2015 gromacs/force.s 6648 0 15 132 0 1617 324.133 5 2 1.13333 1 1617 324.133 5 19 3.68939 1 5 0.386364 0 3 0.401515 0 0 10 10 1 75888.8 3418 0 7 76 0 1600 369.714 7 2 1.14286 1 1600 369.714 7 19 4.31579 1 5 0.315789 0 1 0.0394737 0 00:03:07.187650
23:49:43 14.06.2015 gromacs/txtdump.s 7388 0 35 318 0 984 116.743 5 52 6.17143 1 984 116.743 5 6 3.22327 1 3 0.481132 0 2 0.273585 0 0 196 196 11 4682.23 8372 0 21 197 0 2123 243.571 5 6 1.47619 1 2123 243.571 5 5 3.0203 1 2 0.725888 0 2 0.243655 0 00:00:18.18429
23:50:02 14.06.2015 gromacs/mdebin.s 3532 0 9 115 0 1157 311.111 5 2 1.22222 1 1157 311.111 5 8 3.6 0 4 0.391304 0 3 0.278261 0 0 7 7 1 58.9366 3390 0 5 101 0 1157 539.6 5 1 1 1 1157 539.6 5 8 3.74257 0 4 0.386139 0 3 0.29703 0 00:00:21.21983
23:50:24 14.06.2015 gromacs/rbin.s 422 0 7 4 0 113 53.2857 7 1 1 1 113 53.2857 7 5 4.5 3 5 2.75 0 0 0 0 0 0 0 0 0.274159 422 0 7 4 0 113 53.2857 7 1 1 1 113 53.2857 7 5 4.5 3 5 2.75 0 0 0 0 00:00:00.045
23:50:24 14.06.2015 gromacs/binio.s 109 0 2 8 0 46 46 46 1 1 1 46 46 46 4 2 0 1 0.25 0 0 0 0 0 0 0 0 0.217208 109 0 2 8 0 46 46 46 1 1 1 46 46 46 4 2 0 1 0.25 0 0 0 0 00:00:00.016
23:50:24 14.06.2015 gromacs/nsb.s 598 0 3 14 0 227 178.333 110 2 1.33333 1 227 178.333 110 3 2.85714 2 1 0.571429 0 1 0.214286 0 0 1 1 1 0.587422 598 0 3 14 0 227 178.333 110 2 1.33333 1 227 178.333 110 3 2.85714 2 1 0.571429 0 1 0.214286 0 00:00:00.135
23:50:24 14.06.2015 gromacs/wgms.s 263 0 2 8 0 106 102.5 99 1 1 1 106 102.5 99 3 3 3 0 0 0 2 1 0 0 0 0 0 0.21065 263 0 2 8 0 106 102.5 99 1 1 1 106 102.5 99 3 3 3 0 0 0 2 1 0 00:00:00.033
23:50:24 14.06.2015 sphinx3/lmclass.s 1221 0 9 62 0 500 98.4444 11 2 1.11111 1 500 98.4444 11 4 2.67742 1 4 0.709677 0 3 1.1129 0 0 3 3 1 68.7149 1148 0 8 57 0 513 102 11 1 1 1 513 102 11 4 2.66667 1 4 0.631579 0 3 1.14035 0 00:00:01.1412
23:50:25 14.06.2015 sphinx3/agc.s 119 0 1 1 0 76 76 76 1 1 1 76 76 76 4 4 4 4 4 4 0 0 0 0 0 0 0 0.080961 119 0 1 1 0 76 76 76 1 1 1 76 76 76 4 4 4 4 4 4 0 0 0 00:00:00.017
23:50:25 14.06.2015 sphinx3/hash.s 1005 0 14 29 0 123 66.7857 23 4 1.5 1 123 66.7857 23 5 2.62069 1 4 0.551724 0 2 0.241379 0 0 14 14 1 52.1219 780 0 8 11 0 159 91.875 47 1 1 1 159 91.875 47 5 1.81818 1 3 0.272727 0 2 0.454545 0 00:00:00.161
23:50:26 14.06.2015 sphinx3/utt.s 3747 0 8 145 0 1237 420.375 32 5 2.125 1 1237 420.375 32 10 2.73793 1 4 0.275862 0 2 0.42069 0 0 10 10 4 277.683 3816 0 7 139 0 1262 490.429 94 3 1.57143 1 1262 490.429 94 10 2.76259 1 4 0.28777 0 2 0.359712 0 00:00:19.19852
23:50:45 14.06.2015 sphinx3/cmn_prior.s 427 0 1 6 0 261 261 261 1 1 1 261 261 261 4 3 2 3 2.33333 1 0 0 0 0 0 0 0 0.374359 427 0 1 6 0 261 261 261 1 1 1 261 261 261 4 3 2 3 2.33333 1 0 0 0 00:00:00.149
23:50:46 14.06.2015 sphinx3/lextree.s 3798 2 15 86 2 1499 240.467 30 6 1.46667 1 1499 240.467 30 7 3.02326 1 4 0.395349 0 3 0.697674 0 2 13 9 1 60706.3 4141 2 14 96 2 1836 282.214 30 1 1 1 1836 282.214 30 7 2.86458 1 4 0.697917 0 3 0.802083 0 00:01:25.85162
23:52:11 14.06.2015 sphinx3/profile.s 387 0 11 26 0 96 25.9091 4 2 1.18182 1 96 25.9091 4 4 2.07692 1 3 0.923077 0 1 0.153846 0 0 2 2 1 0.423675 395 0 11 25 0 96 26.6364 4 2 1.09091 1 96 26.6364 4 4 2.12 1 3 0.96 0 1 0.12 0 00:00:00.035
23:52:11 14.06.2015 sphinx3/cmn.s 566 0 2 5 0 354 182 10 1 1 1 354 182 10 4 2.2 1 3 0.6 0 1 0.2 0 0 0 0 0 0.863906 566 0 2 5 0 354 182 10 1 1 1 354 182 10 4 2.2 1 3 0.6 0 1 0.2 0 00:00:00.284
23:52:11 14.06.2015 sphinx3/dict2pid.s 2759 0 9 113 0 1122 286.889 87 4 1.33333 1 1122 286.889 87 6 2.84071 1 4 0.238938 0 3 0.663717 0 0 8 8 4 5552.65 2478 0 5 93 0 1210 461 94 4 1.6 1 1210 461 94 6 2.86022 1 4 0.290323 0 3 0.591398 0 00:00:16.16481
23:52:28 14.06.2015 sphinx3/bio.s 973 0 10 70 0 230 80.3 26 3 1.2 1 230 80.3 26 6 2.68571 1 4 0.942857 0 1 0.257143 0 0 6 6 1 18.2552 798 0 7 59 0 243 92 25 1 1 1 243 92 25 4 2.64407 1 4 0.813559 0 1 0.305085 0 00:00:00.195
23:52:28 14.06.2015 sphinx3/kbcore.s 1377 0 2 96 0 1001 568 135 1 1 1 1001 568 135 9 2.375 1 4 0.8125 0 1 0.03125 0 0 0 0 0 2.84554 1377 0 2 96 0 1001 568 135 1 1 1 1001 568 135 9 2.375 1 4 0.8125 0 1 0.03125 0 00:00:13.13187
23:52:41 14.06.2015 sphinx3/str2words.s 185 0 1 2 0 162 162 162 1 1 1 162 162 162 0 0 0 0 0 0 2 2 2 0 0 0 0 0.210741 185 0 1 2 0 162 162 162 1 1 1 162 162 162 0 0 0 0 0 0 2 2 2 00:00:00.076
23:52:41 14.06.2015 sphinx3/ascr.s 48 0 1 2 0 34 34 34 1 1 1 34 34 34 4 4 4 4 3.5 3 0 0 0 0 0 0 0 0.083739 48 0 1 2 0 34 34 34 1 1 1 34 34 34 4 4 4 4 3.5 3 0 0 0 00:00:00.008
23:52:41 14.06.2015 sphinx3/parse_args_file.s 820 0 2 25 0 186 96 6 1 1 1 186 96 6 5 2.08 1 4 0.4 0 2 0.68 0 0 0 0 0 0.581489 820 0 2 25 0 186 96 6 1 1 1 186 96 6 5 2.08 1 4 0.4 0 2 0.68 0 00:00:00.086
23:52:41 14.06.2015 sphinx3/beam.s 55 0 1 5 0 40 40 40 1 1 1 40 40 40 4 1.6 1 4 0.8 0 0 0 0 0 0 0 0 0.071092 55 0 1 5 0 40 40 40 1 1 1 40 40 40 4 1.6 1 4 0.8 0 0 0 0 00:00:00.007
23:52:41 14.06.2015 sphinx3/wid.s 695 0 2 24 0 514 305 96 1 1 1 514 305 96 4 2.54167 2 4 0.291667 0 2 1.125 0 0 0 0 0 1.81482 695 0 2 24 0 514 305 96 1 1 1 514 305 96 4 2.54167 2 4 0.291667 0 2 1.125 0 00:00:01.1139
23:52:42 14.06.2015 sphinx3/lm.s 6470 0 25 277 0 1827 236.96 9 13 1.88 1 1827 236.96 9 7 2.51264 0 4 0.595668 0 2 0.216606 0 0 31 31 23 18096.3 5844 0 20 251 0 1807 266.9 9 12 1.95 1 1807 266.9 9 7 2.55378 0 4 0.653386 0 2 0.211155 0 00:01:19.79298
23:54:02 14.06.2015 sphinx3/io.s 700 0 7 55 0 187 82.1429 14 2 1.14286 1 187 82.1429 14 4 2.05455 0 3 0.709091 0 1 0.145455 0 0 1 1 1 0.468092 700 0 7 55 0 187 82.1429 14 2 1.14286 1 187 82.1429 14 4 2.05455 0 3 0.709091 0 1 0.145455 0 00:00:00.179
23:54:02 14.06.2015 sphinx3/tmat.s 923 0 5 53 0 423 149.6 26 2 1.2 1 423 149.6 26 6 2.83019 1 4 0.320755 0 3 0.415094 0 0 1 1 0 5.98452 900 0 5 44 0 400 145 26 1 1 1 400 145 26 6 2.95455 1 4 0.386364 0 3 0.5 0 00:00:00.560
23:54:02 14.06.2015 sphinx3/spec_main_live_pretend.s 674 0 1 47 0 541 541 541 1 1 1 541 541 541 4 2.10638 1 3 0.12766 0 3 0.723404 0 0 0 0 0 0.985186 674 0 1 47 0 541 541 541 1 1 1 541 541 541 4 2.10638 1 3 0.12766 0 3 0.723404 0 00:00:01.1002
23:54:03 14.06.2015 sphinx3/logs3.s 568 0 9 33 0 163 37.1111 3 1 1 1 163 37.1111 3 4 2.12121 1 4 1.27273 0 1 0.0606061 0 0 0 0 0 0.296549 568 0 9 33 0 163 37.1111 3 1 1 1 163 37.1111 3 4 2.12121 1 4 1.27273 0 1 0.0606061 0 00:00:00.057
23:54:03 14.06.2015 sphinx3/subvq.s 2947 0 10 108 0 989 270 68 2 1.2 1 989 270 68 6 2.61111 0 4 0.212963 0 3 0.824074 0 0 5 5 1 138.552 2816 0 8 99 0 1017 321.875 79 1 1 1 1017 321.875 79 6 2.63636 0 4 0.161616 0 3 0.868687 0 00:00:10.10366
23:54:14 14.06.2015 sphinx3/fillpen.s 560 0 3 27 0 372 145 26 1 1 1 372 145 26 4 2.14815 1 4 0.407407 0 1 0.407407 0 0 0 0 0 0.448324 560 0 3 27 0 372 145 26 1 1 1 372 145 26 4 2.14815 1 4 0.407407 0 1 0.407407 0 00:00:00.373
23:54:14 14.06.2015 sphinx3/hmm.s 1332 0 6 49 0 537 208.667 32 30 6.5 1 537 208.667 32 5 2.40816 1 3 0.102041 0 1 0.0816327 0 0 34 34 2 85.8075 2854 0 5 17 0 1107 555.2 71 3 1.4 1 1107 555.2 71 5 3.05882 1 3 0.294118 0 1 0.235294 0 00:00:01.1629
23:54:16 14.06.2015 sphinx3/err.s 191 0 8 37 0 26 19 13 1 1 1 26 19 13 3 1.48649 0 1 0.243243 0 0 0 0 0 0 0 0 0.101747 191 0 8 37 0 26 19 13 1 1 1 26 19 13 3 1.48649 0 1 0.243243 0 0 0 0 00:00:00.021
23:54:16 14.06.2015 sphinx3/unlimit.s 17 0 1 2 0 10 10 10 1 1 1 10 10 10 2 2 2 1 1 1 0 0 0 0 0 0 0 0.047262 17 0 1 2 0 10 10 10 1 1 1 10 10 10 2 2 2 1 1 1 0 0 0 00:00:00.007
23:54:16 14.06.2015 sphinx3/approx_cont_mgau.s 857 0 4 16 0 453 199.5 49 3 1.75 1 453 199.5 49 9 4.0625 1 1 0.125 0 1 0.3125 0 0 3 3 1 148.421 934 0 4 14 0 530 218.75 49 2 1.25 1 530 218.75 49 9 3.64286 1 1 0.142857 0 1 0.285714 0 00:00:00.809
23:54:17 14.06.2015 sphinx3/ckd_alloc.s 789 0 11 29 0 244 65.2727 11 6 2.18182 1 244 65.2727 11 4 2.31034 1 3 0.413793 0 0 0 0 0 13 13 8 3.94435 809 0 11 24 0 244 67.0909 11 5 1.72727 1 244 67.0909 11 4 2.58333 1 3 0.5 0 0 0 0 00:00:00.122
23:54:17 14.06.2015 sphinx3/heap.s 402 2 7 11 2 122 51.5714 11 2 1.14286 1 122 51.5714 11 4 2.45455 1 4 0.909091 0 1 0.0909091 0 2 7 1 0 0.487002 422 2 7 10 2 122 54.4286 11 1 1 1 122 54.4286 11 4 2.4 1 4 1 0 0 0 0 00:00:00.048
23:54:17 14.06.2015 sphinx3/specrand.s 62 0 2 0 0 41 23 5 1 1 1 41 23 5 0 0 0 0 0 0 0 0 0 0 0 0 0 0.08409 62 0 2 0 0 41 23 5 1 1 1 41 23 5 0 0 0 0 0 0 0 0 0 00:00:00.010
23:54:17 14.06.2015 sphinx3/kb.s 3094 0 5 208 0 1923 524.8 41 2 1.2 1 1923 524.8 41 28 2.19231 1 4 0.230769 0 2 0.158654 0 0 1 1 1 13.8441 3094 0 5 208 0 1923 524.8 41 2 1.2 1 1923 524.8 41 28 2.19231 1 4 0.230769 0 2 0.158654 0 00:01:00.60126
23:55:17 14.06.2015 sphinx3/case.s 183 0 3 0 0 90 54.6667 37 1 1 1 90 54.6667 37 0 0 0 0 0 0 0 0 0 0 0 0 0 0.139535 183 0 3 0 0 90 54.6667 37 1 1 1 90 54.6667 37 0 0 0 0 0 0 0 0 0 00:00:00.039
23:55:17 14.06.2015 perlbench/locale.s 113 0 8 5 0 44 8.375 2 2 1.125 1 44 8.375 2 3 1.8 1 3 1.2 0 0 0 0 0 1 1 1 0.095066 113 0 8 5 0 44 8.375 2 2 1.125 1 44 8.375 2 3 1.8 1 3 1.2 0 0 0 0 00:00:00.012
23:55:17 14.06.2015 perlbench/perlapi.s 1 0 0 0 0 0 0 0 0 0 0 0 0 0 0 0 0 0 0 0 0 0 0 0 0 0 0 0.04503 1 0 0 0 0 0 0 0 0 0 0 0 0 0 0 0 0 0 0 0 0 0 0 00:00:00.008
23:55:17 14.06.2015 perlbench/stdio.s 33 0 3 3 0 9 7 5 1 1 1 9 7 5 3 2 1 1 0.333333 0 0 0 0 0 0 0 0 0.097234 33 0 3 3 0 9 7 5 1 1 1 9 7 5 3 2 1 1 0.333333 0 0 0 0 00:00:00.010
23:55:17 14.06.2015 perlbench/deb.s 124 0 6 3 0 49 12.5 2 1 1 1 49 12.5 2 5 2.66667 0 1 0.666667 0 0 0 0 0 1 1 0 0.242379 120 0 5 2 0 58 14.4 2 1 1 1 58 14.4 2 3 1.5 0 1 0.5 0 0 0 0 00:00:00.010
23:55:17 14.06.2015 perlbench/specrand.s 62 0 2 0 0 41 23 5 1 1 1 41 23 5 0 0 0 0 0 0 0 0 0 0 0 0 0 0.072988 62 0 2 0 0 41 23 5 1 1 1 41 23 5 0 0 0 0 0 0 0 0 0 00:00:00.007
23:55:17 14.06.2015 perlbench/taint.s 794 0 2 23 0 514 323.5 133 7 4 1 514 323.5 133 4 2.04348 1 3 0.782609 0 1 0.26087 0 0 6 6 1 80.7967 838 0 2 18 0 564 347 130 2 1.5 1 564 347 130 4 2.05556 1 3 0.611111 0 1 0.277778 0 00:00:03.3328
23:55:20 14.06.2015 perlbench/pad.s 4847 1 21 123 1 881 216.619 3 3 1.33333 1 881 216.619 3 4 1.86992 0 2 0.333333 0 2 0.333333 0 1 10 8 6 3056.04 4943 1 21 125 1 987 221.19 3 3 1.2381 1 987 221.19 3 4 1.872 0 2 0.336 0 2 0.352 0 00:00:15.15311
23:55:36 14.06.2015 milc/byterevn.s 71 0 1 0 0 54 54 54 1 1 1 54 54 54 0 0 0 0 0 0 0 0 0 0 0 0 0 0.138259 71 0 1 0 0 54 54 54 1 1 1 54 54 54 0 0 0 0 0 0 0 0 0 00:00:00.018
23:55:36 14.06.2015 milc/layout_hyper.s 388 0 4 11 0 220 81.5 5 1 1 1 220 81.5 5 2 1.45455 1 1 0.272727 0 1 0.363636 0 0 0 0 0 0.335514 388 0 4 11 0 220 81.5 5 1 1 1 220 81.5 5 2 1.45455 1 1 0.272727 0 1 0.363636 0 00:00:00.102
23:55:36 14.06.2015 milc/grsource_imp.s 436 0 2 13 0 203 169 135 1 1 1 203 169 135 5 2.46154 1 1 0.153846 0 2 0.769231 0 0 0 0 0 0.407487 436 0 2 13 0 203 169 135 1 1 1 203 169 135 5 2.46154 1 1 0.153846 0 2 0.769231 0 00:00:00.090
23:55:36 14.06.2015 milc/ranstuff.s 263 0 2 0 0 142 118.5 95 1 1 1 142 118.5 95 0 0 0 0 0 0 0 0 0 0 0 0 0 0.168437 263 0 2 0 0 142 118.5 95 1 1 1 142 118.5 95 0 0 0 0 0 0 0 0 0 00:00:00.016
23:55:36 14.06.2015 milc/mat_invert.s 756 0 3 27 0 311 182.667 86 1 1 1 311 182.667 86 7 2.66667 1 2 0.555556 0 2 0.444444 0 0 0 0 0 0.501659 756 0 3 27 0 311 182.667 86 1 1 1 311 182.667 86 7 2.66667 1 2 0.555556 0 2 0.444444 0 00:00:00.186
23:55:36 14.06.2015 milc/m_amatvec.s 444 0 1 0 0 269 269 269 1 1 1 269 269 269 0 0 0 0 0 0 0 0 0 0 0 0 0 0.241103 444 0 1 0 0 269 269 269 1 1 1 269 269 269 0 0 0 0 0 0 0 0 0 00:00:00.056
23:55:36 14.06.2015 milc/m_mv_s_4dir.s 707 0 1 0 0 352 352 352 1 1 1 352 352 352 0 0 0 0 0 0 0 0 0 0 0 0 0 0.637225 707 0 1 0 0 352 352 352 1 1 1 352 352 352 0 0 0 0 0 0 0 0 0 00:00:00.149
23:55:36 14.06.2015 milc/sub4vecs.s 451 0 1 0 0 444 444 444 1 1 1 444 444 444 0 0 0 0 0 0 0 0 0 0 0 0 0 0.173378 451 0 1 0 0 444 444 444 1 1 1 444 444 444 0 0 0 0 0 0 0 0 0 00:00:00.021
23:55:36 14.06.2015 milc/uncmp_ahmat.s 278 0 1 0 0 261 261 261 1 1 1 261 261 261 0 0 0 0 0 0 0 0 0 0 0 0 0 0.115197 278 0 1 0 0 261 261 261 1 1 1 261 261 261 0 0 0 0 0 0 0 0 0 00:00:00.011
23:55:36 14.06.2015 milc/subvec.s 102 0 1 0 0 78 78 78 1 1 1 78 78 78 0 0 0 0 0 0 0 0 0 0 0 0 0 0.087657 102 0 1 0 0 78 78 78 1 1 1 78 78 78 0 0 0 0 0 0 0 0 0 00:00:00.012
23:55:36 14.06.2015 milc/addmat.s 147 0 1 0 0 111 111 111 1 1 1 111 111 111 0 0 0 0 0 0 0 0 0 0 0 0 0 0.13298 147 0 1 0 0 111 111 111 1 1 1 111 111 111 0 0 0 0 0 0 0 0 0 00:00:00.027
23:55:36 14.06.2015 milc/dslash_fn2.s 2981 0 6 102 0 725 483.833 32 1 1 1 725 483.833 32 6 3.13725 1 0 0 0 1 0.892157 0 0 0 0 0 8.76958 2981 0 6 102 0 725 483.833 32 1 1 1 725 483.833 32 6 3.13725 1 0 0 0 1 0.892157 0 00:00:05.5890
23:55:42 14.06.2015 milc/m_amv_4dir.s 969 0 1 0 0 559 559 559 1 1 1 559 559 559 0 0 0 0 0 0 0 0 0 0 0 0 0 0.397054 969 0 1 0 0 559 559 559 1 1 1 559 559 559 0 0 0 0 0 0 0 0 0 00:00:00.205
23:55:43 14.06.2015 milc/d_plaq4.s 354 0 1 17 0 254 254 254 1 1 1 254 254 254 5 1.94118 1 1 0.176471 0 3 1.41176 0 0 0 0 0 0.416896 354 0 1 17 0 254 254 254 1 1 1 254 254 254 5 1.94118 1 1 0.176471 0 3 1.41176 0 00:00:00.088
23:55:43 14.06.2015 milc/make_ahmat.s 255 0 1 0 0 237 237 237 1 1 1 237 237 237 0 0 0 0 0 0 0 0 0 0 0 0 0 0.196105 255 0 1 0 0 237 237 237 1 1 1 237 237 237 0 0 0 0 0 0 0 0 0 00:00:00.017
23:55:43 14.06.2015 milc/io_nonansi.s 234 0 5 15 0 92 35.4 17 1 1 1 92 35.4 17 3 1.86667 0 2 0.533333 0 0 0 0 0 0 0 0 0.157818 234 0 5 15 0 92 35.4 17 1 1 1 92 35.4 17 3 1.86667 0 2 0.533333 0 0 0 0 00:00:00.029
23:55:43 14.06.2015 milc/s_m_a_vec.s 116 0 1 0 0 84 84 84 1 1 1 84 84 84 0 0 0 0 0 0 0 0 0 0 0 0 0 0.13082 116 0 1 0 0 84 84 84 1 1 1 84 84 84 0 0 0 0 0 0 0 0 0 00:00:00.020
23:55:43 14.06.2015 milc/path_product.s 847 0 1 36 0 809 809 809 1 1 1 809 809 809 5 2.36111 1 2 0.111111 0 2 1 0 0 0 0 0 2.9808 847 0 1 36 0 809 809 809 1 1 1 809 809 809 5 2.36111 1 2 0.111111 0 2 1 0 00:00:02.2287
23:55:45 14.06.2015 milc/update_u.s 168 0 1 14 0 109 109 109 1 1 1 109 109 109 4 3.28571 2 0 0 0 2 2 2 0 0 0 0 0.195895 168 0 1 14 0 109 109 109 1 1 1 109 109 109 4 3.28571 2 0 0 0 2 2 2 00:00:00.028
23:55:45 14.06.2015 milc/s_m_a_mat.s 169 0 1 0 0 117 117 117 1 1 1 117 117 117 0 0 0 0 0 0 0 0 0 0 0 0 0 0.207639 169 0 1 0 0 117 117 117 1 1 1 117 117 117 0 0 0 0 0 0 0 0 0 00:00:00.035
23:55:45 14.06.2015 milc/gauge_info.s 89 0 1 9 0 21 21 21 1 1 1 21 21 21 6 6 6 5 5 5 0 0 0 0 0 0 0 0.074274 89 0 1 9 0 21 21 21 1 1 1 21 21 21 6 6 6 5 5 5 0 0 0 00:00:00.006
23:55:45 14.06.2015 milc/check_unitarity.s 1390 0 2 22 0 924 588.5 253 2 1.5 1 924 588.5 253 2 1.5 1 0 0 0 4 1.81818 0 0 1 1 1 1.44036 1390 0 2 22 0 924 588.5 253 2 1.5 1 924 588.5 253 2 1.5 1 0 0 0 4 1.81818 0 00:00:02.2009
23:55:47 14.06.2015 milc/m_matvec.s 444 0 1 0 0 269 269 269 1 1 1 269 269 269 0 0 0 0 0 0 0 0 0 0 0 0 0 0.242208 444 0 1 0 0 269 269 269 1 1 1 269 269 269 0 0 0 0 0 0 0 0 0 00:00:00.057
23:55:47 14.06.2015 milc/su3_adjoint.s 113 0 1 0 0 88 88 88 1 1 1 88 88 88 0 0 0 0 0 0 0 0 0 0 0 0 0 0.104517 113 0 1 0 0 88 88 88 1 1 1 88 88 88 0 0 0 0 0 0 0 0 0 00:00:00.017
23:55:47 14.06.2015 milc/s_m_mat.s 413 0 1 0 0 406 406 406 1 1 1 406 406 406 0 0 0 0 0 0 0 0 0 0 0 0 0 0.126856 413 0 1 0 0 406 406 406 1 1 1 406 406 406 0 0 0 0 0 0 0 0 0 00:00:00.019
23:55:47 14.06.2015 milc/clearvec.s 64 0 1 0 0 51 51 51 1 1 1 51 51 51 0 0 0 0 0 0 0 0 0 0 0 0 0 0.064304 64 0 1 0 0 51 51 51 1 1 1 51 51 51 0 0 0 0 0 0 0 0 0 00:00:00.006
23:55:47 14.06.2015 milc/su3_proj.s 255 0 1 0 0 171 171 171 1 1 1 171 171 171 0 0 0 0 0 0 0 0 0 0 0 0 0 0.175723 255 0 1 0 0 171 171 171 1 1 1 171 171 171 0 0 0 0 0 0 0 0 0 00:00:00.040
23:55:47 14.06.2015 milc/update.s 204 0 1 10 0 116 116 116 1 1 1 116 116 116 7 1.6 0 0 0 0 1 0.9 0 0 0 0 0 0.17804 204 0 1 10 0 116 116 116 1 1 1 116 116 116 7 1.6 0 0 0 0 1 0.9 0 00:00:00.022
23:55:47 14.06.2015 milc/m_mat_hwvec.s 1305 0 1 0 0 1298 1298 1298 1 1 1 1298 1298 1298 0 0 0 0 0 0 0 0 0 0 0 0 0 0.601149 1305 0 1 0 0 1298 1298 1298 1 1 1 1298 1298 1298 0 0 0 0 0 0 0 0 0 00:00:00.034
23:55:47 14.06.2015 milc/submat.s 147 0 1 0 0 111 111 111 1 1 1 111 111 111 0 0 0 0 0 0 0 0 0 0 0 0 0 0.140091 147 0 1 0 0 111 111 111 1 1 1 111 111 111 0 0 0 0 0 0 0 0 0 00:00:00.029
23:55:47 14.06.2015 milc/l_su2_hit_n.s 61 0 1 1 0 48 48 48 1 1 1 48 48 48 3 3 3 0 0 0 1 1 1 0 0 0 0 0.077049 61 0 1 1 0 48 48 48 1 1 1 48 48 48 3 3 3 0 0 0 1 1 1 00:00:00.010
23:55:47 14.06.2015 milc/s_m_vec.s 88 0 1 0 0 64 64 64 1 1 1 64 64 64 0 0 0 0 0 0 0 0 0 0 0 0 0 0.101881 88 0 1 0 0 64 64 64 1 1 1 64 64 64 0 0 0 0 0 0 0 0 0 00:00:00.015
23:55:47 14.06.2015 milc/ranmom.s 70 0 1 1 0 49 49 49 1 1 1 49 49 49 2 2 2 0 0 0 2 2 2 0 0 0 0 0.096981 70 0 1 1 0 49 49 49 1 1 1 49 49 49 2 2 2 0 0 0 2 2 2 00:00:00.013
23:55:47 14.06.2015 milc/m_mat_nn.s 660 0 1 0 0 325 325 325 1 1 1 325 325 325 0 0 0 0 0 0 0 0 0 0 0 0 0 0.332119 660 0 1 0 0 325 325 325 1 1 1 325 325 325 0 0 0 0 0 0 0 0 0 00:00:00.111
23:55:48 14.06.2015 milc/m_amv_4vec.s 994 0 1 0 0 582 582 582 1 1 1 582 582 582 0 0 0 0 0 0 0 0 0 0 0 0 0 0.538808 994 0 1 0 0 582 582 582 1 1 1 582 582 582 0 0 0 0 0 0 0 0 0 00:00:00.236
23:55:48 14.06.2015 milc/reunitarize2.s 1422 0 4 28 0 1030 330.5 26 5 2.5 1 1030 330.5 26 3 1.53571 1 1 0.0714286 0 2 0.642857 0 0 6 6 1 22.8989 1515 0 4 25 0 1110 353.75 26 2 1.25 1 1110 353.75 26 2 1.56 1 1 0.08 0 2 0.8 0 00:00:00.129
23:55:48 14.06.2015 milc/m_mat_an.s 1061 0 1 0 0 698 698 698 1 1 1 698 698 698 0 0 0 0 0 0 0 0 0 0 0 0 0 0.513408 1061 0 1 0 0 698 698 698 1 1 1 698 698 698 0 0 0 0 0 0 0 0 0 00:00:00.363
23:55:48 14.06.2015 milc/update_h.s 86 0 1 5 0 68 68 68 1 1 1 68 68 68 3 2 1 1 0.6 0 0 0 0 0 0 0 0 0.075598 86 0 1 5 0 68 68 68 1 1 1 68 68 68 3 2 1 1 0.6 0 0 0 0 00:00:00.008
23:55:48 14.06.2015 milc/r_su2_hit_a.s 61 0 1 1 0 48 48 48 1 1 1 48 48 48 3 3 3 0 0 0 1 1 1 0 0 0 0 0.072562 61 0 1 1 0 48 48 48 1 1 1 48 48 48 3 3 3 0 0 0 1 1 1 00:00:00.008
23:55:48 14.06.2015 milc/realtr.s 138 0 1 0 0 88 88 88 1 1 1 88 88 88 0 0 0 0 0 0 0 0 0 0 0 0 0 0.150105 138 0 1 0 0 88 88 88 1 1 1 88 88 88 0 0 0 0 0 0 0 0 0 00:00:00.025
23:55:48 14.06.2015 milc/su3_rdot.s 138 0 1 0 0 130 130 130 1 1 1 130 130 130 0 0 0 0 0 0 0 0 0 0 0 0 0 0.14151 138 0 1 0 0 130 130 130 1 1 1 130 130 130 0 0 0 0 0 0 0 0 0 00:00:00.013
23:55:48 14.06.2015 milc/addvec.s 102 0 1 0 0 78 78 78 1 1 1 78 78 78 0 0 0 0 0 0 0 0 0 0 0 0 0 0.090544 102 0 1 0 0 78 78 78 1 1 1 78 78 78 0 0 0 0 0 0 0 0 0 00:00:00.016
23:55:48 14.06.2015 milc/gaussrand.s 119 0 1 4 0 54 54 54 1 1 1 54 54 54 1 1 1 0 0 0 1 0.5 0 0 0 0 0 0.101322 119 0 1 4 0 54 54 54 1 1 1 54 54 54 1 1 1 0 0 0 1 0.5 0 00:00:00.012
23:55:48 14.06.2015 milc/rand_ahmat.s 104 0 1 9 0 91 91 91 1 1 1 91 91 91 1 1 1 1 0.111111 0 0 0 0 0 0 0 0 0.133101 104 0 1 9 0 91 91 91 1 1 1 91 91 91 1 1 1 1 0.111111 0 0 0 0 00:00:00.013
23:55:48 14.06.2015 milc/s_m_s_mat.s 169 0 1 0 0 117 117 117 1 1 1 117 117 117 0 0 0 0 0 0 0 0 0 0 0 0 0 0.173814 169 0 1 0 0 117 117 117 1 1 1 117 117 117 0 0 0 0 0 0 0 0 0 00:00:00.030
23:55:48 14.06.2015 milc/m_mat_na.s 660 0 1 0 0 325 325 325 1 1 1 325 325 325 0 0 0 0 0 0 0 0 0 0 0 0 0 0.427152 660 0 1 0 0 325 325 325 1 1 1 325 325 325 0 0 0 0 0 0 0 0 0 00:00:00.119
23:55:49 14.06.2015 milc/m_amat_hwvec.s 1305 0 1 0 0 1298 1298 1298 1 1 1 1298 1298 1298 0 0 0 0 0 0 0 0 0 0 0 0 0 0.573284 1305 0 1 0 0 1298 1298 1298 1 1 1 1298 1298 1298 0 0 0 0 0 0 0 0 0 00:00:00.042
23:55:49 14.06.2015 milc/su3mat_copy.s 107 0 1 0 0 87 87 87 1 1 1 87 87 87 0 0 0 0 0 0 0 0 0 0 0 0 0 0.117369 107 0 1 0 0 87 87 87 1 1 1 87 87 87 0 0 0 0 0 0 0 0 0 00:00:00.021
23:55:49 14.06.2015 milc/msq_su3vec.s 94 0 1 0 0 85 85 85 1 1 1 85 85 85 0 0 0 0 0 0 0 0 0 0 0 0 0 0.075951 94 0 1 0 0 85 85 85 1 1 1 85 85 85 0 0 0 0 0 0 0 0 0 00:00:00.007
23:55:49 14.06.2015 milc/clear_mat.s 79 0 1 0 0 65 65 65 1 1 1 65 65 65 0 0 0 0 0 0 0 0 0 0 0 0 0 0.110341 79 0 1 0 0 65 65 65 1 1 1 65 65 65 0 0 0 0 0 0 0 0 0 00:00:00.018
23:55:49 14.06.2015 milc/rephase.s 431 0 2 2 0 170 156 142 1 1 1 170 156 142 2 1.5 1 1 1 1 0 0 0 0 0 0 0 0.358462 431 0 2 2 0 170 156 142 1 1 1 170 156 142 2 1.5 1 1 1 1 0 0 0 00:00:00.090
23:55:49 14.06.2015 milc/make_lattice.s 354 0 1 16 0 278 278 278 1 1 1 278 278 278 4 2 1 1 0.1875 0 4 1.1875 0 0 0 0 0 0.363877 354 0 1 16 0 278 278 278 1 1 1 278 278 278 4 2 1 1 0.1875 0 4 1.1875 0 00:00:00.153
23:55:49 14.06.2015 hmmer/revcomp.s 144 0 1 4 0 109 109 109 1 1 1 109 109 109 2 1 0 0 0 0 1 0.75 0 0 0 0 0 0.116354 144 0 1 4 0 109 109 109 1 1 1 109 109 109 2 1 0 0 0 0 1 0.75 0 00:00:00.030
23:55:49 14.06.2015 hmmer/hmmcalibrate.s 1133 0 2 101 0 659 393 127 1 1 1 659 393 127 8 2.0396 0 3 0.0792079 0 2 0.50495 0 0 1 1 0 10.6963 971 0 1 86 0 677 677 677 1 1 1 677 677 677 8 1.88372 0 1 0.0116279 0 1 0.476744 0 00:00:01.1917
23:55:51 14.06.2015 hmmer/emulation.s 763 0 1 37 0 566 566 566 1 1 1 566 566 566 3 2.89189 2 1 0.648649 0 2 0.27027 0 0 0 0 0 1.38298 763 0 1 37 0 566 566 566 1 1 1 566 566 566 3 2.89189 2 1 0.648649 0 2 0.27027 0 00:00:01.1445
23:55:52 14.06.2015 hmmer/cluster.s 2057 0 7 38 0 987 235.143 35 2 1.14286 1 987 235.143 35 3 2.10526 0 2 0.105263 0 2 0.605263 0 0 1 1 0 1723.72 2073 0 7 38 0 1003 237.429 35 1 1 1 1003 237.429 35 3 2.10526 0 2 0.105263 0 2 0.605263 0 00:00:08.8340
23:56:01 14.06.2015 hmmer/alphabet.s 1269 0 10 41 0 195 95.4 26 17 2.9 1 195 95.4 26 5 2.09756 1 2 0.292683 0 2 0.268293 0 0 20 20 18 5.22822 1303 0 10 43 0 212 98.8 26 17 2.7 1 212 98.8 26 5 2.09302 1 2 0.325581 0 2 0.325581 0 00:00:00.177
23:56:01 14.06.2015 hmmer/alignio.s 2707 0 12 53 0 588 212.5 51 2 1.08333 1 588 212.5 51 3 1.84906 0 2 0.226415 0 2 0.509434 0 0 1 1 0 15.0938 2756 0 12 52 0 588 216.583 51 1 1 1 588 216.583 51 3 1.86538 0 2 0.230769 0 2 0.519231 0 00:00:03.3309
23:56:04 14.06.2015 hmmer/stack.s 192 0 5 7 0 45 33.4 20 2 1.2 1 45 33.4 20 2 1.42857 1 1 0.571429 0 1 0.142857 0 0 1 1 0 0.377658 208 0 5 6 0 45 36.6 20 1 1 1 45 36.6 20 2 1.33333 1 1 0.666667 0 0 0 0 00:00:00.020
23:56:04 14.06.2015 hmmer/sre_ctype.s 57 0 2 4 0 23 23 23 1 1 1 23 23 23 1 0.5 0 0 0 0 0 0 0 0 0 0 0 0.123521 57 0 2 4 0 23 23 23 1 1 1 23 23 23 1 0.5 0 0 0 0 0 0 0 00:00:00.013
23:56:04 14.06.2015 hmmer/msa.s 5988 0 32 222 0 694 177.281 30 3 1.34375 1 694 177.281 30 4 2.21622 0 3 0.536036 0 1 0.144144 0 0 11 11 5 1972.39 6112 0 32 220 0 694 181.156 30 3 1.15625 1 694 181.156 30 4 2.2 0 3 0.540909 0 1 0.145455 0 00:00:10.10513
23:56:15 14.06.2015 hmmer/phylip.s 409 0 2 25 0 234 173 112 1 1 1 234 173 112 4 2.04 0 1 0.04 0 2 0.68 0 0 0 0 0 0.420805 409 0 2 25 0 234 173 112 1 1 1 234 173 112 4 2.04 0 1 0.04 0 2 0.68 0 00:00:00.112
23:56:15 14.06.2015 hmmer/vectorops.s 1400 0 28 12 0 60 39 30 2 1.14286 1 60 39 30 2 1.33333 1 0 0 0 1 0.5 0 0 4 4 1 4.54118 1433 0 28 9 0 71 40.1786 30 2 1.03571 1 71 40.1786 30 2 1.11111 1 0 0 0 1 0.666667 0 00:00:00.095
23:56:15 14.06.2015 hmmer/shuffle.s 2379 0 9 52 0 741 243.889 67 1 1 1 741 243.889 67 3 1.34615 0 2 0.115385 0 2 0.461538 0 0 0 0 0 6.31547 2379 0 9 52 0 741 243.889 67 1 1 1 741 243.889 67 3 1.34615 0 2 0.115385 0 2 0.461538 0 00:00:03.3789
23:56:19 14.06.2015 hmmer/stockholm.s 2881 0 10 141 0 1263 245.5 8 2 1.1 1 1263 245.5 8 4 2.58865 1 2 0.35461 0 3 0.41844 0 0 8 8 2 330.589 1926 0 4 71 0 1263 413.25 8 2 1.25 1 1263 413.25 8 3 2.6338 1 2 0.183099 0 3 0.816901 0 00:00:15.15451
23:56:34 14.06.2015 hmmer/plan9.s 548 0 5 23 0 149 96 60 2 1.2 1 149 96 60 3 1.86957 1 3 0.73913 0 1 0.217391 0 0 1 1 0 9.57725 460 0 5 14 0 149 81 20 1 1 1 149 81 20 2 1.42857 1 1 0.0714286 0 1 0.357143 0 00:00:00.080
23:56:34 14.06.2015 hmmer/dayhoff.s 564 0 1 23 0 419 419 419 1 1 1 419 419 419 3 1.65217 0 0 0 0 2 1.04348 0 0 0 0 0 0.984519 564 0 1 23 0 419 419 419 1 1 1 419 419 419 3 1.65217 0 0 0 0 2 1.04348 0 00:00:00.621
23:56:35 14.06.2015 hmmer/postprob.s 3898 0 7 61 0 1274 545.286 18 5 2.14286 1 1274 545.286 18 6 2.13115 1 2 0.0491803 0 2 0.95082 0 0 9 9 4 68.8665 3946 0 6 60 0 1274 644.833 41 2 1.66667 1 1274 644.833 41 6 2.21667 1 2 0.116667 0 2 0.966667 0 00:00:11.11215
23:56:46 14.06.2015 hmmer/masks.s 693 0 3 14 0 336 196.667 8 1 1 1 336 196.667 8 3 1.92857 1 2 0.214286 0 1 0.285714 0 0 0 0 0 0.982207 693 0 3 14 0 336 196.667 8 1 1 1 336 196.667 8 3 1.92857 1 2 0.214286 0 1 0.285714 0 00:00:00.347
23:56:46 14.06.2015 hmmer/sre_random.s 882 0 7 15 0 212 81.8571 11 15 3 1 212 81.8571 11 1 0.0666667 0 0 0 0 2 0.866667 0 0 14 14 1 81.0987 2183 0 7 2 0 914 269.429 20 2 1.14286 1 914 269.429 20 1 0.5 0 0 0 0 2 1 0 00:00:00.202
23:56:47 14.06.2015 hmmer/mathsupport.s 1510 0 13 46 0 130 56.7692 6 2 1.07692 1 130 56.7692 6 3 1.13043 0 1 0.0869565 0 1 0.586957 0 0 2 2 1 7.51113 1511 0 13 45 0 130 57.1538 6 1 1 1 130 57.1538 6 3 1.13333 0 1 0.0888889 0 1 0.577778 0 00:00:00.116
23:56:47 14.06.2015 hmmer/iupac.s 155 0 0 0 0 0 0 0 0 0 0 0 0 0 0 0 0 0 0 0 0 0 0 0 0 0 0 0.132809 155 0 0 0 0 0 0 0 0 0 0 0 0 0 0 0 0 0 0 0 0 0 0 00:00:00.010
23:56:47 14.06.2015 hmmer/translate.s 195 0 1 5 0 156 156 156 1 1 1 156 156 156 2 1.6 1 1 0.4 0 1 0.4 0 0 0 0 0 0.176139 195 0 1 5 0 156 156 156 1 1 1 156 156 156 2 1.6 1 1 0.4 0 1 0.4 0 00:00:00.049
23:56:47 14.06.2015 hmmer/squidcore.s 46 0 1 5 0 21 21 21 1 1 1 21 21 21 3 3 3 1 1 1 0 0 0 0 0 0 0 0.129309 46 0 1 5 0 21 21 21 1 1 1 21 21 21 3 3 3 1 1 1 0 0 0 00:00:00.010
23:56:47 14.06.2015 hmmer/a2m.s 383 0 2 17 0 181 147.5 114 1 1 1 181 147.5 114 4 2.23529 1 2 0.117647 0 2 0.882353 0 0 0 0 0 0.283827 383 0 2 17 0 181 147.5 114 1 1 1 181 147.5 114 4 2.23529 1 2 0.117647 0 2 0.882353 0 00:00:00.080
23:56:47 14.06.2015 hmmer/msf.s 1494 0 2 72 0 717 646.5 576 1 1 1 717 646.5 576 4 2.09722 0 2 0.138889 0 3 0.666667 0 0 0 0 0 5.58845 1494 0 2 72 0 717 646.5 576 1 1 1 717 646.5 576 4 2.09722 0 2 0.138889 0 3 0.666667 0 00:00:05.5884
23:56:53 14.06.2015 hmmer/clustal.s 374 0 2 20 0 185 157.5 130 1 1 1 185 157.5 130 4 2.3 1 0 0 0 2 0.9 0 0 0 0 0 0.312281 374 0 2 20 0 185 157.5 130 1 1 1 185 157.5 130 4 2.3 1 0 0 0 2 0.9 0 00:00:00.092
23:56:53 14.06.2015 hmmer/misc.s 420 0 4 17 0 120 77 21 1 1 1 120 77 21 3 2.11765 0 2 0.411765 0 2 0.352941 0 0 0 0 0 0.228366 420 0 4 17 0 120 77 21 1 1 1 120 77 21 3 2.11765 0 2 0.411765 0 2 0.352941 0 00:00:00.064
23:56:53 14.06.2015 hmmer/sqerror.s 96 0 3 16 0 25 20.3333 12 1 1 1 25 20.3333 12 3 1.875 1 1 0.5 0 0 0 0 0 0 0 0 0.058497 96 0 3 16 0 25 20.3333 12 1 1 1 25 20.3333 12 3 1.875 1 1 0.5 0 0 0 0 00:00:00.007
23:56:53 14.06.2015 hmmer/eps.s 299 0 1 18 0 227 227 227 1 1 1 227 227 227 3 2.55556 1 2 0.111111 0 2 0.388889 0 0 0 0 0 0.222542 299 0 1 18 0 227 227 227 1 1 1 227 227 227 3 2.55556 1 2 0.111111 0 2 0.388889 0 00:00:00.067
23:56:53 14.06.2015 hmmer/trace.s 6261 0 18 143 0 1065 286.722 32 18 2.22222 1 1065 286.722 32 5 2.48951 0 4 0.482517 0 3 0.643357 0 0 23 23 2 1080.48 7045 0 18 130 0 1074 330.278 32 2 1.05556 1 1074 330.278 32 5 2.18462 0 3 0.615385 0 3 0.6 0 00:00:18.18095
23:57:11 14.06.2015 hmmer/prior.s 3207 0 13 119 0 473 182.385 5 5 1.61538 1 473 182.385 5 6 2 0 3 0.361345 0 2 0.386555 0 0 10 10 2 173.513 3069 0 11 116 0 515 208.091 5 2 1.18182 1 515 208.091 5 6 2.06034 1 3 0.448276 0 2 0.396552 0 00:00:01.1887
23:57:13 14.06.2015 hmmer/display.s 2052 0 5 73 0 996 382.2 14 19 6.4 1 996 382.2 14 12 4.64384 1 1 0.0821918 0 3 0.876712 0 0 27 27 19 169.573 2137 0 5 73 0 993 399.2 14 19 4.8 1 993 399.2 14 12 4.75342 1 1 0.191781 0 3 0.876712 0 00:00:10.10537
23:57:24 14.06.2015 hmmer/aligneval.s 1566 0 10 33 0 286 130.8 77 4 2 1 286 130.8 77 7 2.84848 0 2 0.242424 0 2 0.363636 0 0 13 13 6 114.375 1589 0 9 24 0 286 148.333 95 5 1.44444 1 286 148.333 95 7 2.625 0 2 0.25 0 2 0.375 0 00:00:01.1076
23:57:25 14.06.2015 hmmer/selex.s 3705 0 7 195 0 2067 462.857 8 5 1.71429 1 2067 462.857 8 7 2.3641 1 2 0.025641 0 3 1.17436 0 0 7 7 3 164.93 3749 0 7 191 0 2114 469.571 8 2 1.14286 1 2114 469.571 8 7 2.26702 1 2 0.026178 0 3 1.15707 0 00:02:24.144891
23:59:50 14.06.2015 hmmer/file.s 393 0 7 39 0 108 46.8571 18 2 1.42857 1 108 46.8571 18 3 1.76923 1 2 0.410256 0 1 0.128205 0 0 3 3 3 0.265067 393 0 7 39 0 108 46.8571 18 2 1.42857 1 108 46.8571 18 3 1.76923 1 2 0.410256 0 1 0.128205 0 00:00:00.049
23:59:50 14.06.2015 hmmer/getopt.s 679 0 1 20 0 614 614 614 1 1 1 614 614 614 3 1.8 1 2 0.25 0 1 0.1 0 0 0 0 0 1.44188 679 0 1 20 0 614 614 614 1 1 1 614 614 614 3 1.8 1 2 0.25 0 1 0.1 0 00:00:02.2039
23:59:52 14.06.2015 hmmer/weight.s 2626 2 11 74 2 564 195.818 105 3 1.27273 1 564 195.818 105 6 2.27027 0 2 0.405405 0 3 0.432432 0 2 11 5 1 1003.61 2425 2 9 66 2 595 218.444 105 2 1.11111 1 595 218.444 105 6 2.31818 0 2 0.439394 0 2 0.348485 0 00:00:03.3069
23:59:55 14.06.2015 hmmer/sre_math.s 1332 0 9 24 0 205 88.6667 13 3 1.22222 1 205 88.6667 13 3 1.5 1 2 0.416667 0 1 0.0833333 0 0 2 2 1 2.39342 1337 0 9 23 0 210 89.2222 13 2 1.11111 1 210 89.2222 13 3 1.52174 1 2 0.434783 0 1 0.0869565 0 00:00:00.105
23:59:55 14.06.2015 hmmer/rk.s 240 0 2 2 0 135 109 83 1 1 1 135 109 83 2 1.5 1 0 0 0 0 0 0 0 0 0 0 0.265617 240 0 2 2 0 135 109 83 1 1 1 135 109 83 2 1.5 1 0 0 0 0 0 0 00:00:00.047
23:59:55 14.06.2015 hmmer/plan7.s 5662 0 23 164 0 920 186.478 10 6 1.6087 1 920 186.478 10 4 1.87195 0 3 0.280488 0 2 0.329268 0 0 14 14 5 537.36 5764 0 23 151 0 950 192.261 23 3 1.21739 1 950 192.261 23 4 1.88079 1 3 0.304636 0 2 0.331126 0 00:00:07.7799
00:00:03 15.06.2015 hmmer/fast_algorithms.s 926 0 1 3 0 895 895 895 1 1 1 895 895 895 7 4.33333 1 0 0 0 0 0 0 0 0 0 0 1.43241 926 0 1 3 0 895 895 895 1 1 1 895 895 895 7 4.33333 1 0 0 0 0 0 0 00:00:03.3459
00:00:10 15.06.2015 hmmer/seqencode.s 613 0 6 3 0 109 96.3333 78 1 1 1 109 96.3333 78 1 0.666667 0 0 0 0 1 0.666667 0 0 0 0 0 0.456107 613 0 6 3 0 109 96.3333 78 1 1 1 109 96.3333 78 1 0.666667 0 0 0 0 1 0.666667 0 00:00:00.093
00:00:10 15.06.2015 hmmer/types.s 559 0 9 12 0 222 55.5556 4 1 1 1 222 55.5556 4 3 0.75 0 0 0 0 1 0.583333 0 0 0 0 0 0.500326 559 0 9 12 0 222 55.5556 4 1 1 1 222 55.5556 4 3 0.75 0 0 0 0 1 0.583333 0 00:00:00.221
00:00:10 15.06.2015 hmmer/hmmsearch.s 1928 0 4 124 0 1020 325.75 24 1 1 1 1020 325.75 24 18 2.39516 0 3 0.0403226 0 1 0.354839 0 0 3 3 1 743.324 1597 0 2 108 0 1053 539.5 26 1 1 1 1053 539.5 26 18 2.11111 0 1 0.0185185 0 1 0.287037 0 00:00:12.12329
00:00:22 15.06.2015 hmmer/modelmakers.s 6205 0 9 81 0 1434 556.556 61 3 1.22222 1 1434 556.556 61 7 2.04938 0 2 0.234568 0 2 0.691358 0 0 8 8 3 10696.9 3078 0 4 60 0 1461 550.25 157 3 1.5 1 1461 550.25 157 6 2.13333 1 2 0.25 0 2 0.7 0 00:01:00.60851
00:01:23 15.06.2015 hmmer/gki.s 776 0 8 26 0 140 88.625 5 3 1.375 1 140 88.625 5 3 1.76923 1 3 0.461538 0 2 0.269231 0 0 6 6 1 14.7546 598 0 6 19 0 151 89.1667 5 1 1 1 151 89.1667 5 3 1.89474 1 3 0.631579 0 2 0.263158 0 00:00:00.102
00:01:23 15.06.2015 hmmer/emit.s 1395 0 3 47 0 491 382 249 2 1.33333 1 491 382 249 5 2.80851 1 4 0.382979 0 2 0.489362 0 0 1 1 1 2.04299 1395 0 3 47 0 491 382 249 2 1.33333 1 491 382 249 5 2.80851 1 4 0.382979 0 2 0.489362 0 00:00:01.1364
00:01:25 15.06.2015 lbm/lbm.s 10859 0 14 30 0 1688 389.286 14 3 1.28571 1 1688 389.286 14 4 1.93333 1 2 0.4 0 3 1 0 0 6 6 1 2263.66 10873 0 13 23 0 1688 420.385 14 1 1 1 1688 420.385 14 4 1.73913 1 2 0.434783 0 3 0.652174 0 00:00:18.18814
00:01:44 15.06.2015 lbm/main.s 412 0 5 39 0 133 66.2 31 2 1.8 1 133 66.2 31 3 1.46154 1 1 0.384615 0 1 0.128205 0 0 4 4 3 0.691164 382 0 5 39 0 133 61.8 6 2 1.6 1 133 61.8 6 3 1.48718 1 1 0.410256 0 1 0.128205 0 00:00:00.069
00:01:44 15.06.2015 mcf/psimplex.s 327 0 1 8 0 262 262 262 1 1 1 262 262 262 12 3.5 1 0 0 0 1 0.625 0 0 0 0 0 0.288839 327 0 1 8 0 262 262 262 1 1 1 262 262 262 12 3.5 1 0 0 0 1 0.625 0 00:00:00.090
00:01:44 15.06.2015 mcf/pbeampp.s 503 1 3 4 1 302 152.667 31 2 1.33333 1 302 152.667 31 2 2 2 0 0 0 2 0.5 0 1 4 1 0 1.25189 516 1 3 3 1 315 157 31 1 1 1 315 157 31 2 2 2 0 0 0 0 0 0 00:00:00.243
00:01:44 15.06.2015 mcf/pbla.s 178 0 1 0 0 162 162 162 1 1 1 162 162 162 0 0 0 0 0 0 0 0 0 0 0 0 0 0.185728 178 0 1 0 0 162 162 162 1 1 1 162 162 162 0 0 0 0 0 0 0 0 0 00:00:00.050
00:01:44 15.06.2015 mcf/mcfutil.s 1047 0 7 9 0 204 139.714 66 1 1 1 204 139.714 66 3 1.88889 1 0 0 0 1 0.222222 0 0 0 0 0 0.822894 1047 0 7 9 0 204 139.714 66 1 1 1 204 139.714 66 3 1.88889 1 0 0 0 1 0.222222 0 00:00:00.221
00:01:44 15.06.2015 mcf/readmin.s 838 0 1 14 0 762 762 762 1 1 1 762 762 762 4 2.42857 1 4 0.714286 0 1 0.285714 0 0 0 0 0 3.28871 838 0 1 14 0 762 762 762 1 1 1 762 762 762 4 2.42857 1 4 0.714286 0 1 0.285714 0 00:00:04.4839
00:01:49 15.06.2015 mcf/pflowup.s 86 0 1 0 0 72 72 72 1 1 1 72 72 72 0 0 0 0 0 0 0 0 0 0 0 0 0 0.067417 86 0 1 0 0 72 72 72 1 1 1 72 72 72 0 0 0 0 0 0 0 0 0 00:00:00.014
00:01:49 15.06.2015 mcf/output.s 224 0 1 6 0 187 187 187 1 1 1 187 187 187 3 2.16667 1 1 0.166667 0 2 0.833333 0 0 0 0 0 0.247076 224 0 1 6 0 187 187 187 1 1 1 187 187 187 3 2.16667 1 1 0.166667 0 2 0.833333 0 00:00:00.085
00:01:49 15.06.2015 mcf/treeup.s 561 0 1 0 0 509 509 509 1 1 1 509 509 509 0 0 0 0 0 0 0 0 0 0 0 0 0 0.999016 561 0 1 0 0 509 509 509 1 1 1 509 509 509 0 0 0 0 0 0 0 0 0 00:00:00.666
00:01:50 15.06.2015 mcf/pstart.s 234 0 1 0 0 205 205 205 1 1 1 205 205 205 0 0 0 0 0 0 0 0 0 0 0 0 0 0.150815 234 0 1 0 0 205 205 205 1 1 1 205 205 205 0 0 0 0 0 0 0 0 0 00:00:00.048
00:01:50 15.06.2015 gobmk/utils/random.s 290 0 8 6 0 83 29.75 3 3 1.375 1 83 29.75 3 4 0.833333 0 4 0.833333 0 0 0 0 0 5 5 1 5.74395 243 0 7 2 0 61 27.8571 5 1 1 1 61 27.8571 5 4 2 0 4 2 0 0 0 0 00:00:00.029
00:01:50 15.06.2015 gobmk/utils/getopt1.s 41 0 2 2 0 17 17 17 1 1 1 17 17 17 6 6 6 1 1 1 0 0 0 0 0 0 0 0.077622 41 0 2 2 0 17 17 17 1 1 1 17 17 17 6 6 6 1 1 1 0 0 0 00:00:00.007
00:01:50 15.06.2015 gobmk/utils/getopt.s 1693 0 4 34 0 1332 386.75 11 2 1.5 1 1332 386.75 11 6 2.20588 1 3 0.117647 0 1 0.117647 0 0 4 4 1 788.936 1522 0 2 31 0 1398 704.5 11 2 1.5 1 1398 704.5 11 6 2.25806 1 3 0.129032 0 1 0.129032 0 00:00:25.25417
00:02:15 15.06.2015 gobmk/engine/showbord.s 1176 0 9 47 0 314 113.778 5 4 1.88889 1 314 113.778 5 5 2.38298 0 5 0.404255 0 2 0.510638 0 0 11 11 2 76.7168 554 0 7 20 0 270 63 11 2 1.14286 1 270 63 11 4 2.65 1 1 0.4 0 1 0.5 0 00:00:00.589
00:02:16 15.06.2015 gobmk/engine/hash.s 512 0 6 6 0 173 77.1667 30 3 1.33333 1 173 77.1667 30 1 0.333333 0 0 0 0 2 1.16667 0 0 3 3 1 1.88237 530 0 6 4 0 170 80.1667 30 1 1 1 170 80.1667 30 1 0.5 0 0 0 0 2 0.75 0 00:00:00.096
00:02:16 15.06.2015 gobmk/engine/semeai.s 3085 0 6 78 0 1555 494.667 45 8 3.83333 1 1555 494.667 45 6 2.32051 1 1 0.102564 0 3 0.74359 0 0 21 21 1 10035.7 1438 0 3 23 0 809 443.667 187 1 1 1 809 443.667 187 6 2.04348 1 1 0.130435 0 3 1.56522 0 00:01:11.71145
00:03:27 15.06.2015 gobmk/engine/movelist.s 341 0 4 4 0 107 80.5 60 2 1.5 1 107 80.5 60 4 3.5 3 0 0 0 2 1 0 0 4 4 1 6.89382 401 0 3 1 0 223 127.667 60 1 1 1 223 127.667 60 3 3 3 0 0 0 0 0 0 00:00:00.045
00:03:27 15.06.2015 gobmk/engine/sgfdecide.s 1519 0 10 157 0 239 120.4 31 1 1 1 239 120.4 31 8 1.92994 0 4 0.636943 0 1 0.133758 0 0 0 0 0 1.67325 1519 0 10 157 0 239 120.4 31 1 1 1 239 120.4 31 8 1.92994 0 4 0.636943 0 1 0.133758 0 00:00:00.505
00:03:28 15.06.2015 gobmk/engine/filllib.s 1912 1 5 69 1 858 348 67 3 1.6 1 858 348 67 6 2.57971 0 5 0.42029 0 2 0.623188 0 1 8 6 3 129.894 1727 1 3 64 1 872 519.667 291 3 1.66667 1 872 519.667 291 6 2.60938 0 5 0.390625 0 2 0.640625 0 00:00:07.7615
00:03:35 15.06.2015 gobmk/engine/interface.s 1560 0 31 86 0 556 43.5806 3 7 1.64516 1 556 43.5806 3 6 2.19767 0 5 0.313953 0 2 0.488372 0 0 20 20 1 66.9603 1717 0 31 85 0 620 48.7097 3 2 1.03226 1 620 48.7097 3 6 2.02353 0 5 0.317647 0 2 0.541176 0 00:00:01.1866
00:03:37 15.06.2015 gobmk/engine/sgffile.s 700 0 7 31 0 148 75.5714 14 3 1.28571 1 148 75.5714 14 6 2.83871 0 5 0.580645 0 2 0.645161 0 0 2 2 2 0.696888 700 0 7 31 0 148 75.5714 14 3 1.28571 1 148 75.5714 14 6 2.83871 0 5 0.580645 0 2 0.645161 0 00:00:00.125
00:03:37 15.06.2015 gobmk/engine/utils.s 6252 0 36 177 0 719 150.583 3 7 1.69444 1 719 150.583 3 15 3.52542 0 8 0.779661 0 5 0.649718 0 0 29 29 15 1313.61 5051 0 34 136 0 715 134.559 10 7 1.38235 1 715 134.559 10 15 3.97794 0 8 0.955882 0 5 0.683824 0 00:00:11.11105
00:03:51 15.06.2015 gobmk/sgf/sgftree.s 573 0 21 38 0 47 23.0476 10 14 1.66667 1 47 23.0476 10 4 2.23684 0 4 0.578947 0 1 0.0263158 0 0 14 14 1 16.6999 745 0 21 25 0 58 31.2381 10 2 1.04762 1 58 31.2381 10 4 2.88 0 4 0.88 0 0 0 0 00:00:00.058
00:03:51 15.06.2015 gobmk/sgf/sgfnode.s 3394 7 62 218 7 170 47.8548 9 21 2.74194 1 170 47.8548 9 5 2.15138 0 4 0.646789 0 2 0.16055 0 7 141 126 28 347.843 3733 7 44 142 7 264 75.7955 21 22 1.63636 1 264 75.7955 21 5 2.4507 0 4 0.71831 0 3 0.190141 0 00:00:00.724
00:03:51 15.06.2015 gobmk/sgf/sgf_utils.s 567 1 9 17 1 94 54.5556 38 2 1.44444 1 94 54.5556 38 4 1.70588 1 1 0.117647 0 1 0.0588235 0 1 6 4 1 2.66238 660 1 9 18 1 127 64.8889 38 2 1.11111 1 127 64.8889 38 2 1.38889 1 1 0.111111 0 1 0.0555556 0 00:00:00.071
00:03:52 15.06.2015 gobmk/patterns/fuseki19.s 8825 0 0 0 0 0 0 0 0 0 0 0 0 0 0 0 0 0 0 0 0 0 0 0 0 0 0 6.89663 8825 0 0 0 0 0 0 0 0 0 0 0 0 0 0 0 0 0 0 0 0 0 0 00:00:00.621
00:03:52 15.06.2015 gobmk/patterns/fuseki9.s 7823 0 0 0 0 0 0 0 0 0 0 0 0 0 0 0 0 0 0 0 0 0 0 0 0 0 0 5.94613 7823 0 0 0 0 0 0 0 0 0 0 0 0 0 0 0 0 0 0 0 0 0 0 00:00:00.526
00:03:53 15.06.2015 gobmk/patterns/fuseki13.s 17999 0 0 0 0 0 0 0 0 0 0 0 0 0 0 0 0 0 0 0 0 0 0 0 0 0 0 16.5687 17999 0 0 0 0 0 0 0 0 0 0 0 0 0 0 0 0 0 0 0 0 0 0 00:00:02.2867
00:03:56 15.06.2015 gobmk/patterns/transform.s 140 0 1 0 0 115 115 115 1 1 1 115 115 115 0 0 0 0 0 0 0 0 0 0 0 0 0 0.121628 140 0 1 0 0 115 115 115 1 1 1 115 115 115 0 0 0 0 0 0 0 0 0 00:00:00.032
00:03:56 15.06.2015 sjeng/attacks.s 1506 0 3 0 0 521 481 447 1 1 1 521 481 447 0 0 0 0 0 0 0 0 0 0 0 0 0 4.34781 1506 0 3 0 0 521 481 447 1 1 1 521 481 447 0 0 0 0 0 0 0 0 0 00:00:01.1462
00:03:57 15.06.2015 sjeng/draw.s 170 0 1 0 0 140 140 140 1 1 1 140 140 140 0 0 0 0 0 0 0 0 0 0 0 0 0 0.206509 170 0 1 0 0 140 140 140 1 1 1 140 140 140 0 0 0 0 0 0 0 0 0 00:00:00.046
00:03:57 15.06.2015 sjeng/ecache.s 165 0 5 5 0 50 24 6 1 1 1 50 24 6 5 2 1 3 1 0 0 0 0 0 0 0 0 0.176344 165 0 5 5 0 50 24 6 1 1 1 50 24 6 5 2 1 3 1 0 0 0 0 00:00:00.016
00:03:57 15.06.2015 sjeng/rcfile.s 120 0 1 4 0 41 41 41 1 1 1 41 41 41 3 0.75 0 2 0.5 0 0 0 0 0 0 0 0 0.090407 120 0 1 4 0 41 41 41 1 1 1 41 41 41 3 0.75 0 2 0.5 0 0 0 0 00:00:00.009
00:03:57 15.06.2015 sjeng/leval.s 1509 0 6 19 0 1091 236.833 38 4 2.5 1 1091 236.833 38 5 1.42105 1 4 0.210526 0 1 0.736842 0 0 14 14 1 281.79 1381 0 2 6 0 1265 651.5 38 1 1 1 1265 651.5 38 5 2.33333 1 4 0.666667 0 1 0.166667 0 00:00:10.10895
00:04:08 15.06.2015 sjeng/ttable.s 1279 0 11 14 0 388 107.182 10 1 1 1 388 107.182 10 5 2.14286 0 3 1.07143 0 2 0.142857 0 0 0 0 0 1.21563 1279 0 11 14 0 388 107.182 10 1 1 1 388 107.182 10 5 2.14286 0 3 1.07143 0 2 0.142857 0 00:00:00.753
00:04:09 15.06.2015 sjeng/seval.s 1830 0 9 29 0 1000 188.222 3 4 2.11111 1 1000 188.222 3 5 1.51724 0 4 0.413793 0 1 0.551724 0 0 17 17 1 806.404 1360 0 2 5 0 1242 622.5 3 2 1.5 1 1242 622.5 3 5 2.4 0 4 0.8 0 0 0 0 00:00:06.6979
00:04:16 15.06.2015 sjeng/eval.s 2492 0 2 51 0 1788 1136.5 485 1 1 1 1788 1136.5 485 2 1.47059 0 0 0 0 2 0.862745 0 0 0 0 0 7.03137 2492 0 2 51 0 1788 1136.5 485 1 1 1 1788 1136.5 485 2 1.47059 0 0 0 0 2 0.862745 0 00:01:29.89397
00:05:46 15.06.2015 bzip2/randtable.s 5 0 0 0 0 0 0 0 0 0 0 0 0 0 0 0 0 0 0 0 0 0 0 0 0 0 0 0.051716 5 0 0 0 0 0 0 0 0 0 0 0 0 0 0 0 0 0 0 0 0 0 0 00:00:00.007
00:05:46 15.06.2015 bzip2/huffman.s 980 0 3 2 0 640 316 69 1 1 1 640 316 69 1 1 1 0 0 0 1 1 1 0 0 0 0 2.29802 980 0 3 2 0 640 316 69 1 1 1 640 316 69 1 1 1 0 0 0 1 1 1 00:00:01.1788
00:05:47 15.06.2015 bzip2/crctable.s 5 0 0 0 0 0 0 0 0 0 0 0 0 0 0 0 0 0 0 0 0 0 0 0 0 0 0 0.034886 5 0 0 0 0 0 0 0 0 0 0 0 0 0 0 0 0 0 0 0 0 0 0 00:00:00.007
00:05:47 15.06.2015 bzip2/blocksort.s 5010 0 9 28 0 1160 537 42 3 1.33333 1 1160 537 42 8 3.53571 1 1 0.142857 0 3 0.892857 0 0 11 11 2 7234.25 995 0 2 10 0 703 458 213 2 1.5 1 703 458 213 5 3 1 1 0.3 0 1 0.2 0 00:00:32.32237
00:06:20 15.06.2015 gcc/cfganal.s 4350 0 25 111 0 864 166.6 17 12 1.64 1 864 166.6 17 3 1.83784 0 2 0.108108 0 3 0.54955 0 0 23 23 1 6394.47 4021 0 18 82 0 1044 214.167 14 2 1.05556 1 1044 214.167 14 3 1.78049 0 1 0.0731707 0 2 0.426829 0 00:00:13.13880
00:06:33 15.06.2015 gcc/print-rtl.s 241 0 9 0 0 8 6 4 1 1 1 8 6 4 0 0 0 0 0 0 0 0 0 0 0 0 0 0.184242 241 0 9 0 0 8 6 4 1 1 1 8 6 4 0 0 0 0 0 0 0 0 0 00:00:00.012
00:06:33 15.06.2015 gcc/varray.s 124 0 2 3 0 66 52 38 1 1 1 66 52 38 5 3 2 3 1.33333 0 0 0 0 0 0 0 0 0.158594 124 0 2 3 0 66 52 38 1 1 1 66 52 38 5 3 2 3 1.33333 0 0 0 0 00:00:00.017
00:06:34 15.06.2015 gcc/cfgbuild.s 3285 0 13 85 0 977 239.308 56 7 2.30769 1 977 239.308 56 4 2.25882 0 3 0.211765 0 2 0.682353 0 0 27 27 4 14250.1 2039 0 5 32 0 1103 379 85 3 1.4 1 1103 379 85 4 2.15625 0 2 0.21875 0 1 0.46875 0 00:00:26.26383
00:07:00 15.06.2015 gcc/doloop.s 2372 0 6 90 0 581 360.5 293 2 1.16667 1 581 360.5 293 7 2.61111 0 4 0.944444 0 0 0 0 0 6 6 1 231.072 1020 0 2 44 0 543 423 303 1 1 1 543 423 303 7 2.45455 0 4 0.886364 0 0 0 0 00:00:03.3859
00:07:04 15.06.2015 gcc/cpphash.s 433 0 6 16 0 128 55.8333 16 6 1.66667 0 128 55.8333 16 5 2.5 1 4 1.125 0 0 0 0 0 5 5 1 1.17968 318 0 5 14 0 137 51.8 16 2 1.2 1 137 51.8 16 4 2.64286 1 2 0.928571 0 0 0 0 00:00:00.035
00:07:04 15.06.2015 gcc/dominance.s 1804 1 10 43 1 329 173.6 66 2 1.2 1 329 173.6 66 3 1.67442 1 1 0.0465116 0 2 0.186047 0 1 12 10 1 190.976 503 0 2 18 0 304 226 148 1 1 1 304 226 148 2 1.33333 1 0 0 0 1 0.111111 0 00:00:00.793
00:07:05 15.06.2015 gcc/cppdefault.s 18 0 0 0 0 0 0 0 0 0 0 0 0 0 0 0 0 0 0 0 0 0 0 0 0 0 0 0.060478 18 0 0 0 0 0 0 0 0 0 0 0 0 0 0 0 0 0 0 0 0 0 0 00:00:00.009
00:07:05 15.06.2015 gcc/c-convert.s 307 0 1 20 0 265 265 265 1 1 1 265 265 265 3 1.75 1 1 0.3 0 0 0 0 0 0 0 0 0.31101 307 0 1 20 0 265 265 265 1 1 1 265 265 265 3 1.75 1 1 0.3 0 0 0 0 00:00:00.191
00:07:05 15.06.2015 gcc/hooks.s 9 0 2 0 0 2 2 2 1 1 1 2 2 2 0 0 0 0 0 0 0 0 0 0 0 0 0 0.085688 9 0 2 0 0 2 2 2 1 1 1 2 2 2 0 0 0 0 0 0 0 0 0 00:00:00.010
00:07:05 15.06.2015 gcc/rtl-error.s 381 0 6 13 0 209 54.3333 18 2 1.33333 1 209 54.3333 18 6 2.53846 1 2 0.461538 0 0 0 0 0 4 4 2 3.74327 423 0 5 13 0 209 73.8 22 2 1.2 1 209 73.8 22 6 2.46154 1 3 0.615385 0 0 0 0 00:00:00.081
00:07:05 15.06.2015 gcc/predict.s 4354 1 14 79 1 1282 279.5 29 11 2.64286 1 1282 279.5 29 5 2.34177 0 3 0.240506 0 3 0.582278 0 1 30 28 7 38193.8 3317 0 10 65 0 1808 304.1 29 4 1.5 1 1808 304.1 29 5 2.07692 0 3 0.292308 0 3 0.6 0 00:01:06.66153
00:08:11 15.06.2015 gcc/fibheap.s 1144 0 24 38 0 179 45.25 5 6 1.70833 1 179 45.25 5 5 2.13158 0 3 0.210526 0 2 0.289474 0 0 29 29 1 35.9826 958 0 12 9 0 293 76.5 5 2 1.08333 1 293 76.5 5 4 1.55556 1 2 0.444444 0 1 0.111111 0 00:00:00.148
00:08:11 15.06.2015 gcc/partition.s 475 0 5 12 0 167 87 7 1 0.8 0 167 87 7 5 2.08333 1 3 0.333333 0 2 0.416667 0 0 0 0 0 0.343635 475 0 5 12 0 167 87 7 1 0.8 0 167 87 7 5 2.08333 1 3 0.333333 0 2 0.416667 0 00:00:00.077
00:08:11 15.06.2015 gcc/vmsdbgout.s 1 0 0 0 0 0 0 0 0 0 0 0 0 0 0 0 0 0 0 0 0 0 0 0 0 0 0 0.071794 1 0 0 0 0 0 0 0 0 0 0 0 0 0 0 0 0 0 0 0 0 0 0 00:00:00.008
00:08:11 15.06.2015 gcc/vasprintf.s 432 0 2 13 0 368 189.5 11 1 1 1 368 189.5 11 3 1.84615 1 0 0 0 2 0.692308 0 0 1 1 0 67.9737 53 0 1 2 0 36 36 36 1 1 1 36 36 36 1 1 1 0 0 0 0 0 0 00:00:00.362
00:08:12 15.06.2015 gcc/cfglayout.s 2057 1 12 53 1 700 159.25 5 2 1.33333 1 700 159.25 5 3 1.49057 0 2 0.0943396 0 1 0.396226 0 1 12 10 3 848.295 674 1 7 24 1 142 79.2857 5 2 1.28571 1 142 79.2857 5 3 1 0 2 0.166667 0 1 0.166667 0 00:00:03.3424
00:08:15 15.06.2015 gcc/asprintf.s 28 0 1 3 0 21 21 21 1 1 1 21 21 21 3 1.66667 1 0 0 0 0 0 0 0 0 0 0 0.059495 28 0 1 3 0 21 21 21 1 1 1 21 21 21 3 1.66667 1 0 0 0 0 0 0 00:00:00.008
00:08:15 15.06.2015 gcc/main.s 15 0 1 1 0 10 10 10 1 1 1 10 10 10 2 2 2 0 0 0 0 0 0 0 0 0 0 0.037396 15 0 1 1 0 10 10 10 1 1 1 10 10 10 2 2 2 0 0 0 0 0 0 00:00:00.006
00:08:15 15.06.2015 gcc/sdbout.s 1 0 0 0 0 0 0 0 0 0 0 0 0 0 0 0 0 0 0 0 0 0 0 0 0 0 0 0.088676 1 0 0 0 0 0 0 0 0 0 0 0 0 0 0 0 0 0 0 0 0 0 0 00:00:00.010
00:08:15 15.06.2015 gcc/mkdeps.s 731 0 8 35 0 167 83.625 31 3 1.375 1 167 83.625 31 3 1.62857 1 2 0.171429 0 1 0.4 0 0 4 4 1 21.8718 815 0 8 32 0 167 94.25 31 1 1 1 167 94.25 31 2 1.5625 1 1 0.09375 0 1 0.4375 0 00:00:00.130
00:08:15 15.06.2015 gcc/version.s 8 0 0 0 0 0 0 0 0 0 0 0 0 0 0 0 0 0 0 0 0 0 0 0 0 0 0 0.057543 8 0 0 0 0 0 0 0 0 0 0 0 0 0 0 0 0 0 0 0 0 0 0 00:00:00.008
00:08:15 15.06.2015 gcc/reorg.s 1 0 0 0 0 0 0 0 0 0 0 0 0 0 0 0 0 0 0 0 0 0 0 0 0 0 0 0.067662 1 0 0 0 0 0 0 0 0 0 0 0 0 0 0 0 0 0 0 0 0 0 0 00:00:00.008
00:08:15 15.06.2015 gcc/langhooks.s 436 0 23 6 0 116 15.6957 2 1 1 1 116 15.6957 2 3 2.16667 0 1 0.5 0 1 0.333333 0 0 0 0 0 0.317675 436 0 23 6 0 116 15.6957 2 1 1 1 116 15.6957 2 3 2.16667 0 1 0.5 0 1 0.333333 0 00:00:00.046
00:08:15 15.06.2015 gcc/genrtl.s 3003 0 41 82 0 177 71.3659 34 1 1 1 177 71.3659 34 5 3 1 4 2.5 1 0 0 0 0 0 0 0 1.49913 3003 0 41 82 0 177 71.3659 34 1 1 1 177 71.3659 34 5 3 1 4 2.5 1 0 0 0 00:00:00.085
00:08:15 15.06.2015 gcc/line-map.s 637 0 6 13 0 293 95.8333 27 1 1 1 293 95.8333 27 3 2 0 1 0.153846 0 1 0.230769 0 0 1 1 0 1.20336 611 0 5 11 0 306 110.2 27 1 1 1 306 110.2 27 3 2 0 1 0.181818 0 1 0.181818 0 00:00:00.266
00:08:16 15.06.2015 gcc/mbchar.s 1 0 0 0 0 0 0 0 0 0 0 0 0 0 0 0 0 0 0 0 0 0 0 0 0 0 0 0.033323 1 0 0 0 0 0 0 0 0 0 0 0 0 0 0 0 0 0 0 0 0 0 0 00:00:00.006
00:08:16 15.06.2015 gcc/cfgcleanup.s 8005 0 19 193 0 1021 401.895 22 4 1.52632 1 1021 401.895 22 5 1.66839 0 3 0.103627 0 3 0.440415 0 0 28 28 1 5393.33 298 0 2 8 0 84 56 28 1 1 1 84 56 28 1 0.625 0 1 0.125 0 1 0.25 0 00:00:56.56122
00:09:12 15.06.2015 gcc/xstrerror.s 31 0 1 2 0 18 18 18 1 1 1 18 18 18 3 2 1 2 1 0 0 0 0 0 0 0 0 0.06761 31 0 1 2 0 18 18 18 1 1 1 18 18 18 3 2 1 2 1 0 0 0 0 00:00:00.012
00:09:12 15.06.2015 gcc/dependence.s 5477 2 23 62 2 1022 231.478 13 2 1.17391 1 1022 231.478 13 6 2.64516 0 4 0.483871 0 4 0.790323 0 2 36 20 0 1431.65 644 0 5 9 0 205 115 13 1 1 1 205 115 13 3 1.88889 1 3 1.33333 0 1 0.111111 0 00:00:20.20236
00:09:32 15.06.2015 gcc/intl.s 1 0 0 0 0 0 0 0 0 0 0 0 0 0 0 0 0 0 0 0 0 0 0 0 0 0 0 0.049454 1 0 0 0 0 0 0 0 0 0 0 0 0 0 0 0 0 0 0 0 0 0 0 00:00:00.007
00:09:32 15.06.2015 gcc/alloca.s 196 1 2 5 1 145 82.5 20 1 1 1 145 82.5 20 1 0.4 0 0 0 0 1 0.2 0 1 2 0 0 0.16513 196 1 2 5 1 145 82.5 20 1 1 1 145 82.5 20 1 0.4 0 0 0 0 1 0.2 0 00:00:00.036
00:09:32 15.06.2015 gcc/lbasename.s 43 0 1 0 0 30 30 30 1 1 1 30 30 30 0 0 0 0 0 0 0 0 0 0 0 0 0 0.090351 43 0 1 0 0 30 30 30 1 1 1 30 30 30 0 0 0 0 0 0 0 0 0 00:00:00.013
00:09:32 15.06.2015 gcc/insn-emit.s 28415 0 775 6424 0 849 35.1497 3 6 1.11613 1 849 35.1497 3 7 2.13994 0 4 1.18758 0 1 0.000155666 0 0 90 90 34 1798.61 29002 0 775 6672 0 845 35.9071 3 3 1.04387 1 845 35.9071 3 7 2.17221 0 4 1.22527 0 1 0.00014988 0 00:00:12.12427
00:09:45 15.06.2015 gcc/getpwd.s 154 0 1 9 0 119 119 119 1 1 1 119 119 119 2 1 0 1 0.222222 0 1 0.444444 0 0 0 0 0 0.150027 154 0 1 9 0 119 119 119 1 1 1 119 119 119 2 1 0 1 0.222222 0 1 0.444444 0 00:00:00.039
00:09:45 15.06.2015 gcc/xcoffout.s 1 0 0 0 0 0 0 0 0 0 0 0 0 0 0 0 0 0 0 0 0 0 0 0 0 0 0 0.032978 1 0 0 0 0 0 0 0 0 0 0 0 0 0 0 0 0 0 0 0 0 0 0 00:00:00.004
00:09:45 15.06.2015 gcc/insn-peep.s 1 0 0 0 0 0 0 0 0 0 0 0 0 0 0 0 0 0 0 0 0 0 0 0 0 0 0 0.041165 1 0 0 0 0 0 0 0 0 0 0 0 0 0 0 0 0 0 0 0 0 0 0 00:00:00.004
00:09:45 15.06.2015 gcc/cpperror.s 686 0 13 60 0 183 45.5385 12 9 1.76923 1 183 45.5385 12 4 2.15 0 3 0.6 0 0 0 0 0 11 11 3 12.8492 838 0 12 45 0 200 62.5833 12 2 1.25 1 200 62.5833 12 4 1.77778 0 1 0.311111 0 0 0 0 00:00:00.146
00:09:45 15.06.2015 gcc/convert.s 1636 5 5 95 5 1047 297 78 1 1 1 1047 297 78 3 2.04211 1 2 0.347368 0 0 0 0 5 9 0 0 3.98962 1636 5 5 95 5 1047 297 78 1 1 1 1047 297 78 3 2.04211 1 2 0.347368 0 0 0 0 00:00:11.11014
00:09:56 15.06.2015 gcc/cfgrtl.s 8932 0 36 258 0 1559 235.361 6 7 1.94444 1 1559 235.361 6 5 1.88372 0 3 0.166667 0 2 0.313953 0 0 41 41 15 4559.3 8206 0 30 207 0 1553 259.6 6 6 1.46667 1 1553 259.6 6 5 1.94203 0 3 0.183575 0 2 0.362319 0 00:01:00.60796
00:10:57 15.06.2015 gcc/xmalloc.s 153 0 5 9 0 38 23.2 5 4 1.6 1 38 23.2 5 3 1.44444 1 1 0.222222 0 0 0 0 0 3 3 1 0.491346 153 0 5 11 0 43 23.4 5 2 1.2 1 43 23.4 5 3 1.72727 1 1 0.545455 0 0 0 0 00:00:00.020
00:10:57 15.06.2015 gcc/obstack.s 1 0 0 0 0 0 0 0 0 0 0 0 0 0 0 0 0 0 0 0 0 0 0 0 0 0 0 0.062044 1 0 0 0 0 0 0 0 0 0 0 0 0 0 0 0 0 0 0 0 0 0 0 00:00:00.006
00:10:57 15.06.2015 gcc/c-errors.s 53 0 1 4 0 29 29 29 1 1 1 29 29 29 6 2.25 1 0 0 0 0 0 0 0 0 0 0 0.164621 53 0 1 4 0 29 29 29 1 1 1 29 29 29 6 2.25 1 0 0 0 0 0 0 00:00:00.013
00:10:57 15.06.2015 gcc/safe-ctype.s 11 0 0 0 0 0 0 0 0 0 0 0 0 0 0 0 0 0 0 0 0 0 0 0 0 0 0 0.069385 11 0 0 0 0 0 0 0 0 0 0 0 0 0 0 0 0 0 0 0 0 0 0 00:00:00.009
00:10:57 15.06.2015 gcc/cfg.s 3444 0 24 85 0 594 124.708 4 4 1.625 1 594 124.708 4 5 2.52941 0 4 0.576471 0 2 0.458824 0 0 17 17 4 186.547 3525 0 22 72 0 672 142.727 4 3 1.18182 1 672 142.727 4 5 2.73611 1 4 0.75 0 2 0.444444 0 00:00:02.2347
00:10:59 15.06.2015 gcc/hex.s 8 0 1 0 0 2 2 2 1 1 1 2 2 2 0 0 0 0 0 0 0 0 0 0 0 0 0 0.051398 8 0 1 0 0 2 2 2 1 1 1 2 2 2 0 0 0 0 0 0 0 0 0 00:00:00.006
00:10:59 15.06.2015 gcc/dwarfout.s 1 0 0 0 0 0 0 0 0 0 0 0 0 0 0 0 0 0 0 0 0 0 0 0 0 0 0 0.067846 1 0 0 0 0 0 0 0 0 0 0 0 0 0 0 0 0 0 0 0 0 0 0 00:00:00.008
00:10:59 15.06.2015 gcc/sibcall.s 3460 3 14 61 3 751 235.714 39 2 1.21429 1 751 235.714 39 3 1.34426 0 3 0.114754 0 2 0.360656 0 3 23 12 1 81.5072 1738 3 5 30 3 779 318.6 114 2 1.2 1 779 318.6 114 3 1.2 0 3 0.166667 0 2 0.6 0 00:00:07.7317
