time_start	date_start	test_file	Pre_total_node_count	Pre_tot_phi_node_count	Pre_tot_lambda_node_count	Pre_tot_apply_node_count	Pre_tot_lambdas_inside_phis	Pre_lambdas_exported	Pre_Max_NC_for_exported_lambdas	Pre_Avg_NC_for_exported_lambdas	Pre_Min_NC_for_exported_lambdas	Pre_Max_SCC_for_exported_lambdas	Pre_Avg_SCC_for_exported_lambdas	Pre_Min_SCC_for_exported_lambdas	Pre_Max_NC	Pre_Avg_NC	Pre_Min_NC	Pre_Max_SCC	Pre_Avg_SCC	Pre_Min_SCC	Pre_Max_CIN	Pre_Avg_CIN	Pre_Min_CIN	Pre_Max_PC	Pre_Avg_PC	Pre_Min_PC	Pre_Max_CPC	Pre_Avg_CPC	Pre_Min_CPC	Pre_Max_LND	Pre_Avg_LND	Pre_Min_LND	loop_breakers_size	static_known_applies	static_known_applies_minus_loop_breakers	inlines_performed	applies_after_inlining	wall_clock_ms	Post_total_node_count	Post_tot_phi_node_count	Post_tot_lambda_node_count	Post_tot_apply_node_count	Post_tot_lambdas_inside_phis	Post_lambdas_exported	Post_Max_NC_for_exported_lambdas	Post_Avg_NC_for_exported_lambdas	Post_Min_NC_for_exported_lambdas	Post_Max_SCC_for_exported_lambdas	Post_Avg_SCC_for_exported_lambdas	Post_Min_SCC_for_exported_lambdas	Post_Max_NC	Post_Avg_NC	Post_Min_NC	Post_Max_SCC	Post_Avg_SCC	Post_Min_SCC	Post_Max_CIN	Post_Avg_CIN	Post_Min_CIN	Post_Max_PC	Post_Avg_PC	Post_Min_PC	Post_Max_CPC	Post_Avg_CPC	Post_Min_CPC	Post_Max_LND	Post_Avg_LND	Post_Min_LND	duration_secs
20:36:31	15.06.2015	h264ref/specrand.s	61	0	2	0	0	2	41	23	5	41	23	5	41	23	5	1	1	1	41	23	5	0	0	0	0	0	0	0	0	0	0	0	0	0	0	0.070728	61	0	2	0	0	2	41	23	5	41	23	5	41	23	5	1	1	1	41	23	5	0	0	0	0	0	0	0	0	0	00:00:00.012
20:36:31	15.06.2015	libquantum/qft.s	106	0	2	4	0	2	46	45.5	45	46	45.5	45	46	45.5	45	1	1	1	46	45.5	45	3	2.5	2	0	0	0	2	1.5	1	0	0	0	0	0	0.121334	106	0	2	4	0	2	46	45.5	45	46	45.5	45	46	45.5	45	1	1	1	46	45.5	45	3	2.5	2	0	0	0	2	1.5	1	00:00:00.021
20:36:31	15.06.2015	libquantum/classic.s	252	0	5	1	0	5	102	40.4	21	102	40.4	21	102	40.4	21	1	1	1	102	40.4	21	1	1	1	0	0	0	1	1	1	0	0	0	0	0	0.153952	252	0	5	1	0	5	102	40.4	21	102	40.4	21	102	40.4	21	1	1	1	102	40.4	21	1	1	1	0	0	0	1	1	1	00:00:00.031
20:36:31	15.06.2015	libquantum/qec.s	678	0	8	41	0	8	228	77.875	10	228	77.875	10	228	77.875	10	4	1.875	1	228	77.875	10	3	2.07317	1	2	0.243902	0	1	0.414634	0	0	7	7	4	3	3.30676	740	0	8	37	0	8	252	85.625	10	252	85.625	10	252	85.625	10	2	1.375	1	252	85.625	10	3	2.02703	1	2	0.162162	0	1	0.459459	0	00:00:00.149
20:36:31	15.06.2015	libquantum/oaddn.s	938	0	10	99	0	10	201	90.9	19	201	90.9	19	201	90.9	19	3	2	1	201	90.9	19	8	3.46465	2	1	0.010101	0	1	0.121212	0	0	10	10	6	6	10.5924	1069	0	10	94	0	10	201	104	23	201	104	23	201	104	23	4	1.6	1	201	104	23	7	3.43617	2	1	0.0106383	0	1	0.106383	0	00:00:00.154
20:36:31	15.06.2015	libquantum/version.s	8	0	1	0	0	1	2	2	2	2	2	2	2	2	2	1	1	1	2	2	2	0	0	0	0	0	0	0	0	0	0	0	0	0	0	0.091169	8	0	1	0	0	1	2	2	2	2	2	2	2	2	2	1	1	1	2	2	2	0	0	0	0	0	0	0	0	0	00:00:00.006
20:36:31	15.06.2015	libquantum/expn.s	81	0	1	2	0	1	68	68	68	68	68	68	68	68	68	1	1	1	68	68	68	5	3.5	2	0	0	0	1	0.5	0	0	0	0	0	0	0.141188	81	0	1	2	0	1	68	68	68	68	68	68	68	68	68	1	1	1	68	68	68	5	3.5	2	0	0	0	1	0.5	0	00:00:00.015
20:36:31	15.06.2015	libquantum/specrand.s	61	0	2	0	0	2	41	23	5	41	23	5	41	23	5	1	1	1	41	23	5	0	0	0	0	0	0	0	0	0	0	0	0	0	0	0.053801	61	0	2	0	0	2	41	23	5	41	23	5	41	23	5	1	1	1	41	23	5	0	0	0	0	0	0	0	0	0	00:00:00.009
20:36:31	15.06.2015	libquantum/omuln.s	252	0	4	17	0	4	86	58.25	27	86	58.25	27	86	58.25	27	3	2	1	86	58.25	27	5	3.94118	2	0	0	0	1	0.411765	0	0	4	4	2	2	1.66744	257	0	4	14	0	4	87	59.5	27	87	59.5	27	87	59.5	27	2	1.5	1	87	59.5	27	5	3.92857	2	0	0	0	1	0.5	0	00:00:00.031
20:36:31	15.06.2015	gromacs/do_fit.s	1712	0	13	22	0	8	556	94.6923	5	556	94.6923	5	556	94.6923	5	5	1.61538	1	556	94.6923	5	6	3.36364	1	5	0.727273	0	2	0.409091	0	0	13	13	12	1	1262.38	1805	0	8	10	0	8	708	166.125	20	708	166.125	20	708	166.125	20	2	1.125	1	708	166.125	20	5	3.6	1	5	1	0	1	0.3	0	00:00:02.2763
20:36:34	15.06.2015	gromacs/pullinit.s	2383	0	11	97	0	1	1114	170.091	16	1114	170.091	16	1114	170.091	16	13	2.63636	1	1114	170.091	16	8	3.36082	1	4	1	0	2	0.360825	0	0	28	28	24	4	85082.8	2292	0	3	47	0	1	1690	612.667	31	1690	612.667	31	1690	612.667	31	3	1.66667	1	1690	612.667	31	6	3.7234	1	4	1.42553	0	1	0.212766	0	00:01:40.100061
20:38:14	15.06.2015	gromacs/nsgrid.s	2095	0	15	52	0	12	241	125.4	19	241	125.4	19	241	125.4	19	6	1.53333	1	241	125.4	19	7	3.63462	1	3	0.692308	0	4	0.653846	0	0	11	11	10	1	63.8864	2151	0	13	39	0	12	265	149.154	19	265	149.154	19	265	149.154	19	1	1	1	265	149.154	19	5	3.28205	1	3	0.666667	0	4	0.538462	0	00:00:00.544
20:38:15	15.06.2015	gromacs/ionize.s	4132	0	19	129	0	13	1313	136.316	5	1313	136.316	5	1313	136.316	5	15	2.78947	1	1313	136.316	5	7	2.36434	0	5	0.27907	0	2	0.364341	0	0	40	40	56	5	19861.9	4617	0	14	103	0	13	1432	220	14	1432	220	14	1432	220	14	2	1.28571	1	1432	220	14	7	2.58252	0	5	0.349515	0	2	0.378641	0	00:00:46.46761
20:39:01	15.06.2015	gromacs/names.s	302	0	0	0	0	0	0	0	0	0	0	0	0	0	0	0	0	0	0	0	0	0	0	0	0	0	0	0	0	0	0	0	0	0	0	0.170451	302	0	0	0	0	0	0	0	0	0	0	0	0	0	0	0	0	0	0	0	0	0	0	0	0	0	0	0	0	0	00:00:00.010
20:39:01	15.06.2015	gromacs/edsam.s	8091	0	38	258	0	31	829	169.921	12	829	169.921	12	829	169.921	12	14	3.65789	1	829	169.921	12	6	3.06202	1	5	0.527132	0	2	0.209302	0	0	108	108	50	28	10642.1	8425	0	31	200	0	31	738	220.419	12	738	220.419	12	738	220.419	12	7	1.90323	1	738	220.419	12	5	3.265	1	5	0.88	0	2	0.165	0	00:00:19.19705
20:39:21	15.06.2015	gromacs/buffer.s	191	0	4	4	0	4	96	41.75	15	96	41.75	15	96	41.75	15	4	1.75	1	96	41.75	15	3	1.5	1	0	0	0	1	1	1	0	3	3	2	1	0.487784	215	0	4	2	0	4	108	47.75	15	108	47.75	15	108	47.75	15	2	1.25	1	108	47.75	15	3	2	1	0	0	0	1	1	1	00:00:00.023
20:39:21	15.06.2015	gromacs/pullutil.s	2299	0	15	45	0	7	467	117.6	12	467	117.6	12	467	117.6	12	6	2.4	1	467	117.6	12	6	2.62222	1	4	0.333333	0	2	0.8	0	0	29	29	28	1	322.857	2735	0	7	15	0	7	676	319	30	676	319	30	676	319	30	2	1.14286	1	676	319	30	6	3.46667	1	4	1	0	2	0.866667	0	00:00:01.1413
20:39:23	15.06.2015	gromacs/memdump.s	236	0	3	9	0	1	118	65.3333	23	118	65.3333	23	118	65.3333	23	2	1.33333	1	118	65.3333	23	3	2.55556	1	1	0.111111	0	1	0.555556	0	0	3	3	2	1	4.42674	185	0	2	5	0	1	123	73	23	123	73	23	123	73	23	1	1	1	123	73	23	3	2.2	1	1	0.2	0	1	0.6	0	00:00:00.038
20:39:23	15.06.2015	gromacs/calch.s	5007	1	7	54	1	1	1176	198.571	5	1176	198.571	5	1176	198.571	5	5	2.57143	1	1176	198.571	5	3	1.27778	1	1	0.0185185	0	1	0.62963	0	1	17	16	15	1	766.774	5142	1	3	41	1	1	1438	509.667	23	1438	509.667	23	1438	509.667	23	1	1	1	1438	509.667	23	3	1.12195	1	1	0.0243902	0	1	0.707317	0	00:00:07.7393
20:39:30	15.06.2015	gromacs/strdb.s	551	0	7	43	0	7	111	64.2857	19	111	64.2857	19	111	64.2857	19	2	1.14286	1	111	64.2857	19	5	2.30233	1	4	0.627907	0	1	0.372093	0	0	1	1	0	1	0.31563	551	0	7	43	0	7	111	64.2857	19	111	64.2857	19	111	64.2857	19	2	1.14286	1	111	64.2857	19	5	2.30233	1	4	0.627907	0	1	0.372093	0	00:00:00.062
20:39:30	15.06.2015	gromacs/princ.s	1744	0	12	32	0	6	705	114.083	5	705	114.083	5	705	114.083	5	6	1.83333	1	705	114.083	5	6	2.6875	1	5	0.3125	0	1	0.40625	0	0	16	16	10	1	52.2775	1594	0	7	17	0	6	715	176.143	5	715	176.143	5	715	176.143	5	1	1	1	715	176.143	5	5	2.88235	1	5	0.588235	0	1	0.352941	0	00:00:03.3541
20:39:34	15.06.2015	gromacs/mvdata.s	2139	0	26	160	0	2	185	74.5385	14	185	74.5385	14	185	74.5385	14	3	1.23077	1	185	74.5385	14	5	3.68125	1	5	1.2875	0	2	0.15	0	0	30	30	15	1	46.7723	761	0	3	45	0	2	359	205.667	34	359	205.667	34	359	205.667	34	1	1	1	359	205.667	34	5	3.64444	2	2	1.28889	0	1	0.0444444	0	00:00:00.212
20:39:34	15.06.2015	gromacs/disre.s	2702	0	7	29	0	3	752	218.571	5	752	218.571	5	752	218.571	5	2	1.28571	1	752	218.571	5	5	2.34483	1	0	0	0	2	1.03448	0	0	6	6	5	1	1176.77	2755	0	4	24	0	3	842	396.5	24	842	396.5	24	842	396.5	24	1	1	1	842	396.5	24	5	2.33333	1	0	0	0	2	0.875	0	00:00:04.4320
20:39:38	15.06.2015	gromacs/random.s	1321	0	9	19	0	6	333	101	12	333	101	12	333	101	12	3	1.77778	1	333	101	12	9	3	0	4	0.263158	0	2	0.315789	0	0	10	10	8	2	162.892	1427	0	6	12	0	6	512	169.667	38	512	169.667	38	512	169.667	38	2	1.33333	1	512	169.667	38	9	3.33333	0	4	0.416667	0	1	0.25	0	00:00:00.456
20:39:39	15.06.2015	gromacs/calcmu.s	262	0	3	2	0	2	145	66	23	145	66	23	145	66	23	1	1	1	145	66	23	4	3	2	2	1	0	0	0	0	0	1	1	1	0	0.484659	258	0	2	1	0	2	145	97.5	50	145	97.5	50	145	97.5	50	1	1	1	145	97.5	50	4	4	4	2	2	2	0	0	0	00:00:00.048
20:39:39	15.06.2015	gromacs/pppm.s	2940	0	12	72	0	9	405	185.333	5	405	185.333	5	405	185.333	5	3	2.16667	1	405	185.333	5	16	4.48611	1	4	0.666667	0	1	0.194444	0	0	17	17	8	9	329.896	3062	0	11	64	0	9	483	213.364	38	483	213.364	38	483	213.364	38	3	1.63636	1	483	213.364	38	12	4.3125	1	4	0.75	0	1	0.125	0	00:00:01.1376
20:39:40	15.06.2015	gromacs/3dview.s	1609	0	16	63	0	13	215	73.125	12	215	73.125	12	215	73.125	12	10	3.25	1	215	73.125	12	5	1.85714	1	5	0.222222	0	2	0.111111	0	0	39	39	25	1	85.9693	1434	0	13	30	0	13	324	81.0769	12	324	81.0769	12	324	81.0769	12	2	1.07692	1	324	81.0769	12	5	1.66667	1	5	0.3	0	2	0.166667	0	00:00:00.348
20:39:40	15.06.2015	gromacs/smalloc.s	267	1	6	18	1	5	51	37.8333	17	51	37.8333	17	51	37.8333	17	2	1.16667	1	51	37.8333	17	5	1.38889	0	3	0.333333	0	1	0.111111	0	1	2	1	1	0	0.603091	279	1	6	17	1	5	51	39.8333	17	51	39.8333	17	51	39.8333	17	1	1	1	51	39.8333	17	5	1.47059	0	3	0.352941	0	1	0.117647	0	00:00:00.024
20:39:40	15.06.2015	gromacs/mdatom.s	2031	0	3	52	0	3	963	522.333	155	963	522.333	155	963	522.333	155	1	1	1	963	522.333	155	5	4.01923	1	5	1.78846	0	1	0.115385	0	0	0	0	0	0	3.90748	2031	0	3	52	0	3	963	522.333	155	963	522.333	155	963	522.333	155	1	1	1	963	522.333	155	5	4.01923	1	5	1.78846	0	1	0.115385	0	00:00:08.8182
20:39:49	15.06.2015	gromacs/macros.s	37	0	0	0	0	0	0	0	0	0	0	0	0	0	0	0	0	0	0	0	0	0	0	0	0	0	0	0	0	0	0	0	0	0	0	0.0457	37	0	0	0	0	0	0	0	0	0	0	0	0	0	0	0	0	0	0	0	0	0	0	0	0	0	0	0	0	0	00:00:00.004
20:39:49	15.06.2015	gromacs/fatal.s	1020	0	20	67	0	17	356	39.8	2	356	39.8	2	356	39.8	2	8	1.65	1	356	39.8	2	5	2.23881	0	4	0.522388	0	2	0.373134	0	0	16	16	9	5	46.4578	1030	0	17	55	0	17	478	47.7647	2	478	47.7647	2	478	47.7647	2	4	1.29412	1	478	47.7647	2	5	2.10909	0	4	0.6	0	2	0.254545	0	00:00:00.355
20:39:49	15.06.2015	gromacs/pssolve.s	898	0	2	16	0	1	436	220.5	5	436	220.5	5	436	220.5	5	4	2.5	1	436	220.5	5	6	2.5625	1	1	0.125	0	4	0.375	0	0	4	4	3	1	4.65359	904	0	2	13	0	1	442	223.5	5	442	223.5	5	442	223.5	5	1	1	1	442	223.5	5	6	2.92308	1	1	0.153846	0	4	0.461538	0	00:00:00.570
20:39:50	15.06.2015	gromacs/synclib.s	12	0	1	3	0	1	6	6	6	6	6	6	6	6	6	1	1	1	6	6	6	1	1	1	1	0.666667	0	0	0	0	0	0	0	0	0	0.045164	12	0	1	3	0	1	6	6	6	6	6	6	6	6	6	1	1	1	6	6	6	1	1	1	1	0.666667	0	0	0	0	00:00:00.006
20:39:50	15.06.2015	gromacs/mvxvf.s	808	0	6	18	0	4	480	126.833	12	480	126.833	12	480	126.833	12	5	1.66667	1	480	126.833	12	10	4.61111	1	3	0.777778	0	2	0.777778	0	0	6	6	2	4	110.957	800	0	4	16	0	4	530	188.75	34	530	188.75	34	530	188.75	34	5	2	1	530	188.75	34	10	5	1	3	0.875	0	1	0.625	0	00:00:01.1163
20:39:51	15.06.2015	gromacs/f77_wrappers.s	21	0	2	2	0	2	10	8	6	10	8	6	10	8	6	1	1	1	10	8	6	2	1.5	1	0	0	0	0	0	0	0	0	0	0	0	0.090661	21	0	2	2	0	2	10	8	6	10	8	6	10	8	6	1	1	1	10	8	6	2	1.5	1	0	0	0	0	0	0	00:00:00.007
20:39:51	15.06.2015	gromacs/nrjac.s	2892	0	3	29	0	2	804	385.333	6	804	385.333	6	804	385.333	6	2	1.33333	1	804	385.333	6	5	2.89655	1	4	0.482759	0	3	1.17241	0	0	2	2	1	1	9.82046	2888	0	2	28	0	2	807	576.5	346	807	576.5	346	807	576.5	346	2	1.5	1	807	576.5	346	5	2.96429	1	4	0.5	0	3	1.21429	0	00:00:03.3504
20:39:54	15.06.2015	gromacs/mdrun.s	696	0	1	16	0	1	263	263	263	263	263	263	263	263	263	1	1	1	263	263	263	11	3.3125	0	0	0	0	1	0.0625	0	0	0	0	0	0	0.474532	696	0	1	16	0	1	263	263	263	263	263	263	263	263	263	1	1	1	263	263	263	11	3.3125	0	0	0	0	1	0.0625	0	00:00:00.205
20:39:54	15.06.2015	gromacs/rdgroup.s	1001	0	7	46	0	5	421	123.571	11	421	123.571	11	421	123.571	11	4	1.71429	1	421	123.571	11	7	3.41304	1	5	1.15217	0	2	0.630435	0	0	7	7	1	6	4.8098	997	0	6	45	0	5	421	143.667	35	421	143.667	35	421	143.667	35	4	1.83333	1	421	143.667	35	7	3.46667	1	5	1.17778	0	2	0.688889	0	00:00:00.455
20:39:55	15.06.2015	gromacs/ebin.s	679	0	6	16	0	4	184	85.3333	5	184	85.3333	5	184	85.3333	5	1	1	1	184	85.3333	5	5	2.6875	1	5	0.9375	0	2	0.75	0	0	2	2	1	1	0.884013	675	0	5	15	0	4	184	101.8	7	184	101.8	7	184	101.8	7	1	1	1	184	101.8	7	5	2.8	1	5	1	0	2	0.733333	0	00:00:00.115
20:39:55	15.06.2015	gromacs/rando.s	113	0	2	3	0	2	81	45	9	81	45	9	81	45	9	1	1	1	81	45	9	1	0.666667	0	1	0.333333	0	0	0	0	0	0	0	0	0	0.129915	113	0	2	3	0	2	81	45	9	81	45	9	81	45	9	1	1	1	81	45	9	1	0.666667	0	1	0.333333	0	0	0	0	00:00:00.017
20:39:55	15.06.2015	gromacs/dummies.s	4768	0	25	106	0	2	605	163.16	12	605	163.16	12	605	163.16	12	21	2.96	1	605	163.16	12	12	2.93396	1	4	0.0754717	0	2	0.471698	0	0	72	72	43	1	3871.9	4098	0	3	15	0	2	1738	1163.33	24	1738	1163.33	24	1738	1163.33	24	1	1	1	1738	1163.33	24	4	2.26667	1	0	0	0	2	1.2	0	00:00:07.7311
20:40:02	15.06.2015	gromacs/wnblist.s	448	0	3	21	0	2	208	125	35	208	125	35	208	125	35	1	1	1	208	125	35	3	2.80952	1	1	0.142857	0	3	1.38095	0	0	1	1	1	0	12.4153	323	0	2	16	0	2	208	129	50	208	129	50	208	129	50	1	1	1	208	129	50	3	2.8125	1	1	0.0625	0	3	1.625	0	00:00:00.157
20:40:03	15.06.2015	gromacs/futil.s	933	0	18	74	0	18	127	42.2778	3	127	42.2778	3	127	42.2778	3	10	1.94444	1	127	42.2778	3	5	2.17568	1	5	0.689189	0	1	0.027027	0	0	17	17	16	3	11.7229	1089	0	18	62	0	18	146	50.9444	3	146	50.9444	3	146	50.9444	3	2	1.16667	1	146	50.9444	3	5	2.5	1	5	0.967742	0	1	0.016129	0	00:00:00.136
20:40:03	15.06.2015	gromacs/ifunc.s	341	0	1	0	0	1	45	45	45	45	45	45	45	45	45	1	1	1	45	45	45	0	0	0	0	0	0	0	0	0	0	0	0	0	0	0.212422	341	0	1	0	0	1	45	45	45	45	45	45	45	45	45	1	1	1	45	45	45	0	0	0	0	0	0	0	0	0	00:00:00.019
20:40:03	15.06.2015	gromacs/xvgr.s	1389	0	14	74	0	10	282	72.2857	5	282	72.2857	5	282	72.2857	5	2	1.28571	1	282	72.2857	5	5	2.63514	0	4	0.608108	0	2	0.445946	0	0	8	8	6	2	51.7257	1284	0	11	49	0	10	305	83.1818	15	305	83.1818	15	305	83.1818	15	2	1.09091	1	305	83.1818	15	5	2.85714	0	1	0.510204	0	2	0.55102	0	00:00:00.444
20:40:03	15.06.2015	gromacs/psgather.s	1080	0	3	10	0	2	399	274.333	62	399	274.333	62	399	274.333	62	2	1.33333	1	399	274.333	62	14	5.5	3	0	0	0	1	0.2	0	0	2	2	1	1	49.2816	1114	0	3	9	0	2	433	285.667	62	433	285.667	62	433	285.667	62	1	1	1	433	285.667	62	9	4.55556	3	0	0	0	1	0.111111	0	00:00:00.463
20:40:04	15.06.2015	gromacs/clincs.s	3006	0	2	4	0	2	1200	938.5	677	1200	938.5	677	1200	938.5	677	1	1	1	1200	938.5	677	1	1	1	0	0	0	2	1	0	0	0	0	0	0	7.56047	3006	0	2	4	0	2	1200	938.5	677	1200	938.5	677	1200	938.5	677	1	1	1	1200	938.5	677	1	1	1	0	0	0	2	1	0	00:00:07.7015
20:40:11	15.06.2015	gromacs/xdrd.s	27	0	2	2	0	2	14	11	8	14	11	8	14	11	8	1	1	1	14	11	8	4	3	2	0	0	0	0	0	0	0	0	0	0	0	0.04007	27	0	2	2	0	2	14	11	8	14	11	8	14	11	8	1	1	1	14	11	8	4	3	2	0	0	0	0	0	0	00:00:00.006
20:40:11	15.06.2015	gromacs/filenm.s	3026	0	26	115	0	20	505	92.5385	10	505	92.5385	10	505	92.5385	10	5	1.46154	1	505	92.5385	10	5	2.4087	1	4	0.321739	0	2	0.634783	0	0	18	18	7	1	74.2322	2263	0	21	79	0	20	505	78.8095	10	505	78.8095	10	505	78.8095	10	1	1	1	505	78.8095	10	5	2.49367	1	4	0.265823	0	2	0.759494	0	00:00:01.1071
20:40:12	15.06.2015	gromacs/innerc.s	1	0	0	0	0	0	0	0	0	0	0	0	0	0	0	0	0	0	0	0	0	0	0	0	0	0	0	0	0	0	0	0	0	0	0	0.062177	1	0	0	0	0	0	0	0	0	0	0	0	0	0	0	0	0	0	0	0	0	0	0	0	0	0	0	0	0	0	00:00:00.006
20:40:12	15.06.2015	gromacs/ghat.s	1783	0	10	46	0	5	291	123.2	5	291	123.2	5	291	123.2	5	3	1.7	1	291	123.2	5	19	3.02174	1	3	0.369565	0	3	1.02174	0	0	12	12	11	1	106.292	1817	0	5	35	0	5	302	257.8	190	302	257.8	190	302	257.8	190	2	1.2	1	302	257.8	190	19	3	1	3	0.485714	0	3	0.914286	0	00:00:00.659
20:40:12	15.06.2015	gromacs/mshift.s	4504	0	20	62	0	10	317	179.35	23	317	179.35	23	317	179.35	23	4	1.3	1	317	179.35	23	8	3.16129	1	5	0.725806	0	2	0.370968	0	0	16	16	9	1	373.137	3417	0	11	41	0	10	349	235.909	40	349	235.909	40	349	235.909	40	1	1	1	349	235.909	40	5	2.87805	1	5	1	0	2	0.219512	0	00:00:02.2016
20:40:14	15.06.2015	gromacs/atomprop.s	875	0	8	39	0	3	257	86.5	49	257	86.5	49	257	86.5	49	4	2.25	1	257	86.5	49	6	3.02564	0	4	0.384615	0	1	0.307692	0	0	15	15	6	9	11.7274	926	0	6	34	0	3	321	125.167	62	321	125.167	62	321	125.167	62	3	2	1	321	125.167	62	6	2.94118	0	4	0.441176	0	1	0.294118	0	00:00:00.188
20:40:15	15.06.2015	gromacs/xtcio.s	451	0	10	29	0	7	86	37.3	5	86	37.3	5	86	37.3	5	6	2	1	86	37.3	5	6	3.17241	1	4	0.689655	0	2	0.137931	0	0	13	13	9	4	7.16162	562	0	9	19	0	7	116	53.8889	5	116	53.8889	5	116	53.8889	5	3	1.22222	1	116	53.8889	5	6	3	1	4	0.473684	0	2	0.105263	0	00:00:00.051
20:40:15	15.06.2015	gromacs/pbc.s	4616	0	23	62	0	15	530	137.435	5	530	137.435	5	530	137.435	5	10	2.56522	1	530	137.435	5	5	1.82258	1	3	0.129032	0	3	0.370968	0	0	44	44	41	4	3972.96	5154	0	16	22	0	15	539	231.625	32	539	231.625	32	539	231.625	32	3	1.1875	1	539	231.625	32	5	1.81818	1	3	0.318182	0	3	0.318182	0	00:00:06.6956
20:40:22	15.06.2015	gromacs/coupling.s	5197	0	13	30	0	6	856	260.846	19	856	260.846	19	856	260.846	19	2	1.23077	1	856	260.846	19	5	2.83333	1	4	0.2	0	2	0.133333	0	0	10	10	9	1	28160	5500	0	7	20	0	6	1966	529.429	19	1966	529.429	19	1966	529.429	19	1	1	1	1966	529.429	19	5	3.2	1	4	0.2	0	2	0.2	0	00:00:38.38278
20:41:00	15.06.2015	gromacs/tables.s	7944	0	8	53	0	1	747	271.375	31	747	271.375	31	747	271.375	31	2	1.125	1	747	271.375	31	8	2.86792	0	5	0.660377	0	3	0.566038	0	0	8	8	6	1	1904.65	1182	0	2	13	0	1	541	400.5	260	541	400.5	260	541	400.5	260	1	1	1	541	400.5	260	7	3.30769	0	5	0.384615	0	3	0.769231	0	00:00:07.7248
20:41:07	15.06.2015	gromacs/ffscanf.s	324	0	2	10	0	1	227	133.5	40	227	133.5	40	227	133.5	40	1	1	1	227	133.5	40	3	1.9	0	0	0	0	2	0.9	0	0	1	1	1	0	3.16383	299	0	1	9	0	1	246	246	246	246	246	246	246	246	246	1	1	1	246	246	246	3	2	0	0	0	0	2	1	0	00:00:00.101
20:41:07	15.06.2015	gromacs/replace.s	556	0	2	18	0	2	289	261	233	289	261	233	289	261	233	1	1	1	289	261	233	5	1.55556	0	4	0.444444	0	1	0.333333	0	0	0	0	0	0	1.48122	556	0	2	18	0	2	289	261	233	289	261	233	289	261	233	1	1	1	289	261	233	5	1.55556	0	4	0.444444	0	1	0.333333	0	00:00:00.402
20:41:08	15.06.2015	gromacs/network.s	296	0	24	18	0	24	23	8.58333	2	23	8.58333	2	23	8.58333	2	1	1	1	23	8.58333	2	3	3	3	2	1.94444	1	0	0	0	0	0	0	0	0	0.242019	296	0	24	18	0	24	23	8.58333	2	23	8.58333	2	23	8.58333	2	1	1	1	23	8.58333	2	3	3	3	2	1.94444	1	0	0	0	00:00:00.019
20:41:08	15.06.2015	gromacs/index.s	2564	0	12	88	0	6	767	182.583	15	767	182.583	15	767	182.583	15	10	2.41667	1	767	182.583	15	6	3.34091	0	5	0.511364	0	4	0.829545	0	0	23	23	3	2	713.579	908	0	6	23	0	6	208	98.8333	15	208	98.8333	15	208	98.8333	15	3	1.33333	1	208	98.8333	15	5	3.52174	1	5	1.47826	0	2	0.391304	0	00:00:06.6151
20:41:14	15.06.2015	gromacs/block_tx.s	315	0	4	19	0	4	80	67.75	57	80	67.75	57	80	67.75	57	6	3.5	1	80	67.75	57	5	3.73684	3	4	1.47368	0	1	0.263158	0	0	10	10	0	10	0.331152	315	0	4	19	0	4	80	67.75	57	80	67.75	57	80	67.75	57	6	3.5	1	80	67.75	57	5	3.73684	3	4	1.47368	0	1	0.263158	0	00:00:00.029
20:41:14	15.06.2015	gromacs/maths.s	2786	0	6	9	0	6	295	112	18	295	112	18	295	112	18	1	1	1	295	112	18	1	1	1	0	0	0	0	0	0	0	0	0	0	0	3.0857	2786	0	6	9	0	6	295	112	18	295	112	18	295	112	18	1	1	1	295	112	18	1	1	1	0	0	0	0	0	0	00:00:00.533
20:41:14	15.06.2015	gromacs/stat.s	1412	0	7	73	0	5	562	167.857	4	562	167.857	4	562	167.857	4	4	1.57143	1	562	167.857	4	10	3.30137	0	4	0.178082	0	2	0.164384	0	0	6	6	2	4	38.0263	1428	0	6	71	0	5	562	198.667	4	562	198.667	4	562	198.667	4	4	1.5	1	562	198.667	4	10	3.33803	0	4	0.183099	0	2	0.140845	0	00:00:01.1288
20:41:16	15.06.2015	gromacs/tgroup.s	1526	0	14	28	0	7	218	89.6429	12	218	89.6429	12	218	89.6429	12	8	1.57143	1	218	89.6429	12	5	2.57143	0	4	0.321429	0	1	0.321429	0	0	15	15	5	1	30.4717	1011	0	8	9	0	7	227	99.125	12	227	99.125	12	227	99.125	12	1	1	1	227	99.125	12	4	2.22222	0	0	0	0	1	0.555556	0	00:00:00.262
20:41:16	15.06.2015	gromacs/pdbio.s	4148	0	17	125	0	10	736	155.235	5	736	155.235	5	736	155.235	5	9	1.94118	1	736	155.235	5	9	1.832	0	4	0.104	0	1	0.408	0	0	23	23	20	2	1817.16	3265	0	10	82	0	10	765	182.6	5	765	182.6	5	765	182.6	5	2	1.2	1	765	182.6	5	9	1.92683	0	4	0.134146	0	1	0.597561	0	00:00:06.6478
20:41:22	15.06.2015	gromacs/rmpbc.s	262	0	2	8	0	1	188	105.5	23	188	105.5	23	188	105.5	23	1	1	1	188	105.5	23	5	3.25	1	1	0.125	0	1	0.125	0	0	1	1	1	0	0.574634	258	0	1	7	0	1	208	208	208	208	208	208	208	208	208	1	1	1	208	208	208	5	3.42857	1	1	0.142857	0	0	0	0	00:00:00.060
20:41:22	15.06.2015	gromacs/invblock.s	118	0	1	1	0	1	96	96	96	96	96	96	96	96	96	1	1	1	96	96	96	5	5	5	4	4	4	0	0	0	0	0	0	0	0	0.147965	118	0	1	1	0	1	96	96	96	96	96	96	96	96	96	1	1	1	96	96	96	5	5	5	4	4	4	0	0	0	00:00:00.024
20:41:23	15.06.2015	gromacs/pme.s	6290	0	14	57	0	13	701	234.714	13	701	234.714	13	701	234.714	13	4	1.92857	1	701	234.714	13	12	4.33333	1	4	1	0	3	0.210526	0	0	14	14	5	2	830.364	6163	0	13	40	0	13	701	245.462	13	701	245.462	13	701	245.462	13	2	1.15385	1	701	245.462	13	9	4.1	1	4	1.05	0	3	0.3	0	00:00:03.3786
20:41:26	15.06.2015	gromacs/comlib.s	129	0	4	2	0	4	27	25.75	24	27	25.75	24	27	25.75	24	2	1.5	1	27	25.75	24	1	0.5	0	0	0	0	1	1	1	0	2	2	1	1	0.407295	150	0	4	1	0	4	48	31	24	48	31	24	48	31	24	2	1.25	1	48	31	24	1	1	1	0	0	0	1	1	1	00:00:00.013
20:41:26	15.06.2015	gromacs/csettle.s	2537	0	1	12	0	1	1119	1119	1119	1119	1119	1119	1119	1119	1119	1	1	1	1119	1119	1119	3	1.5	1	1	0.25	0	1	0.583333	0	0	0	0	0	0	2.02226	2537	0	1	12	0	1	1119	1119	1119	1119	1119	1119	1119	1119	1119	1	1	1	1119	1119	1119	3	1.5	1	1	0.25	0	1	0.583333	0	00:00:01.1466
20:41:28	15.06.2015	gromacs/shift_util.s	5443	0	29	90	0	23	496	99.6897	5	496	99.6897	5	496	99.6897	5	3	1.48276	1	496	99.6897	5	5	2.4	1	4	0.177778	0	3	0.655556	0	0	20	20	19	2	1795.25	5639	0	24	72	0	23	718	128.833	13	718	128.833	13	718	128.833	13	2	1.04167	1	718	128.833	13	5	2.41667	1	4	0.222222	0	3	0.416667	0	00:00:04.4342
20:41:32	15.06.2015	gromacs/calcvir.s	1445	0	4	13	0	2	489	222	31	489	222	31	489	222	31	6	3	1	489	222	31	9	3.92308	1	1	0.0769231	0	0	0	0	0	10	10	13	1	138.98	1000	0	2	4	0	2	541	423.5	306	541	423.5	306	541	423.5	306	2	1.5	1	541	423.5	306	5	2	1	0	0	0	0	0	0	00:00:00.363
20:41:33	15.06.2015	gromacs/splittop.s	1156	0	5	24	0	3	685	214.4	33	685	214.4	33	685	214.4	33	5	2	1	685	214.4	33	5	4.25	3	5	1.08333	0	3	0.583333	0	0	7	7	2	1	36.0174	975	0	3	15	0	3	667	298.667	45	667	298.667	45	667	298.667	45	2	1.33333	1	667	298.667	45	5	4.53333	3	5	1.33333	0	3	0.866667	0	00:00:02.2608
20:41:35	15.06.2015	gromacs/xutils.s	2716	0	16	81	0	7	612	114.125	12	612	114.125	12	612	114.125	12	2	1.1875	1	612	114.125	12	8	2.60494	0	4	0.666667	0	2	0.37037	0	0	12	12	8	1	1224.23	1379	0	8	35	0	7	235	122.25	13	235	122.25	13	235	122.25	13	1	1	1	235	122.25	13	6	2.34286	0	4	0.428571	0	1	0.142857	0	00:00:02.2976
20:41:38	15.06.2015	gromacs/typedefs.s	947	0	11	39	0	11	235	73.0909	7	235	73.0909	7	235	73.0909	7	4	1.72727	1	235	73.0909	7	5	3.48718	1	5	1.23077	0	1	0.179487	0	0	8	8	6	2	7.30994	952	0	11	34	0	11	235	74.1818	7	235	74.1818	7	235	74.1818	7	2	1.18182	1	235	74.1818	7	5	3.79412	1	5	1.35294	0	1	0.205882	0	00:00:00.191
20:41:38	15.06.2015	gromacs/vec.s	99	0	2	1	0	2	37	35	33	37	35	33	37	35	33	1	1	1	37	35	33	1	1	1	0	0	0	1	1	1	0	0	0	0	0	0.099823	99	0	2	1	0	2	37	35	33	37	35	33	37	35	33	1	1	1	37	35	33	1	1	1	0	0	0	1	1	1	00:00:00.010
20:41:38	15.06.2015	gromacs/symtab.s	858	0	11	25	0	8	177	68.8182	4	177	68.8182	4	177	68.8182	4	3	1.27273	1	177	68.8182	4	5	2.64	0	5	0.36	0	2	0.44	0	0	6	6	2	1	8.69364	561	0	8	14	0	8	122	60.375	4	122	60.375	4	122	60.375	4	2	1.125	1	122	60.375	4	4	3.35714	1	0	0	0	2	0.642857	0	00:00:00.126
20:41:38	15.06.2015	gromacs/shakef.s	2789	0	7	29	0	3	521	204.286	5	521	204.286	5	521	204.286	5	3	1.71429	1	521	204.286	5	13	3.24138	1	4	0.62069	0	2	0.827586	0	0	9	9	7	2	38.0172	2838	0	4	23	0	3	521	370.5	251	521	370.5	251	521	370.5	251	2	1.25	1	521	370.5	251	13	3.65217	1	4	0.782609	0	2	0.869565	0	00:00:01.1290
20:41:40	15.06.2015	gromacs/gbutil.s	1845	0	10	31	0	5	416	133.3	5	416	133.3	5	416	133.3	5	3	1.9	1	416	133.3	5	6	1.93548	1	1	0.0322581	0	2	0.580645	0	0	14	14	14	3	78.1416	1958	0	6	21	0	5	416	241.667	16	416	241.667	16	416	241.667	16	2	1.33333	1	416	241.667	16	5	1.66667	1	1	0.047619	0	2	0.714286	0	00:00:01.1155
20:41:41	15.06.2015	gromacs/psspread.s	1332	0	4	24	0	1	621	176	5	621	176	5	621	176	5	7	2.5	1	621	176	5	6	2.33333	1	4	0.291667	0	3	0.708333	0	0	9	9	8	1	1284.48	1336	0	2	16	0	1	705	355	5	705	355	5	705	355	5	1	1	1	705	355	5	6	2.6875	1	4	0.4375	0	2	0.4375	0	00:00:02.2589
20:41:44	15.06.2015	gromacs/pullio.s	2436	0	10	134	0	6	700	172.6	16	700	172.6	16	700	172.6	16	7	1.6	1	700	172.6	16	6	3.05224	1	3	0.776119	0	2	0.201493	0	0	10	10	9	1	472.075	2688	0	7	125	0	6	711	283	47	711	283	47	711	283	47	1	1	1	711	283	47	6	3.088	1	3	0.832	0	2	0.152	0	00:00:06.6693
20:41:50	15.06.2015	gromacs/string2.s	872	0	13	34	0	13	287	60.7692	7	287	60.7692	7	287	60.7692	7	3	1.23077	1	287	60.7692	7	5	2	1	4	0.5	0	2	0.382353	0	0	3	3	2	1	6.57925	881	0	13	32	0	13	287	61.4615	12	287	61.4615	12	287	61.4615	12	2	1.07692	1	287	61.4615	12	5	2.0625	1	4	0.53125	0	2	0.40625	0	00:00:00.249
20:41:50	15.06.2015	gromacs/viewit.s	316	0	3	19	0	3	115	78	38	115	78	38	115	78	38	3	2	1	115	78	38	3	1.68421	0	1	0.368421	0	1	0.263158	0	0	3	3	2	1	4.71795	350	0	3	18	0	3	131	89.3333	38	131	89.3333	38	131	89.3333	38	2	1.33333	1	131	89.3333	38	3	1.61111	0	1	0.388889	0	1	0.277778	0	00:00:00.082
20:41:51	15.06.2015	gromacs/ewald_util.s	2176	0	6	24	0	2	712	157.5	31	712	157.5	31	712	157.5	31	2	1.33333	1	712	157.5	31	3	2	1	2	0.0833333	0	3	1.125	0	0	6	6	5	1	8068.04	2246	0	3	19	0	2	907	339.333	44	907	339.333	44	907	339.333	44	1	1	1	907	339.333	44	3	1.89474	1	2	0.105263	0	2	0.789474	0	00:00:12.12024
20:42:03	15.06.2015	gromacs/init_sh.s	1028	0	2	18	0	1	770	430	90	770	430	90	770	430	90	2	1.5	1	770	430	90	5	3.22222	3	1	0.111111	0	1	0.611111	0	0	2	2	1	1	61.7605	1041	0	2	17	0	1	783	436.5	90	783	436.5	90	783	436.5	90	1	1	1	783	436.5	90	5	3.23529	3	1	0.117647	0	1	0.588235	0	00:00:03.3640
20:42:06	15.06.2015	gromacs/vcm.s	3279	0	18	51	0	4	641	139.333	5	641	139.333	5	641	139.333	5	4	1.5	1	641	139.333	5	5	2.84314	1	5	0.764706	0	2	0.666667	0	0	23	23	22	1	14967.9	3592	0	5	28	0	4	1529	568	24	1529	568	24	1529	568	24	1	1	1	1529	568	24	5	3.5	1	5	1.32143	0	1	0.5	0	00:00:17.17889
20:42:24	15.06.2015	gromacs/glaasje.s	1503	0	1	14	0	1	427	427	427	427	427	427	427	427	427	1	1	1	427	427	427	5	2.14286	1	4	1	0	1	0.285714	0	0	0	0	0	0	2.54099	1503	0	1	14	0	1	427	427	427	427	427	427	427	427	427	1	1	1	427	427	427	5	2.14286	1	4	1	0	1	0.285714	0	00:00:00.605
20:42:25	15.06.2015	gromacs/txtdump.s	7317	0	35	318	0	20	984	114.743	5	984	114.743	5	984	114.743	5	52	6.17143	1	984	114.743	5	6	3.22327	1	3	0.481132	0	2	0.273585	0	0	196	196	241	11	4773.84	8372	0	21	197	0	20	2123	243.571	5	2123	243.571	5	2123	243.571	5	6	1.47619	1	2123	243.571	5	5	3.0203	1	2	0.725888	0	2	0.243655	0	00:00:19.19048
20:42:44	15.06.2015	gromacs/mdebin.s	3501	0	9	115	0	4	1157	311.111	5	1157	311.111	5	1157	311.111	5	2	1.22222	1	1157	311.111	5	8	3.6	0	4	0.391304	0	3	0.278261	0	0	7	7	4	1	69.5057	3390	0	5	101	0	4	1157	539.6	5	1157	539.6	5	1157	539.6	5	1	1	1	1157	539.6	5	8	3.74257	0	4	0.386139	0	3	0.29703	0	00:00:22.22945
20:43:07	15.06.2015	gromacs/rbin.s	422	0	7	4	0	7	113	53.2857	7	113	53.2857	7	113	53.2857	7	1	1	1	113	53.2857	7	5	4.5	3	5	2.75	0	0	0	0	0	0	0	0	0	0.232392	422	0	7	4	0	7	113	53.2857	7	113	53.2857	7	113	53.2857	7	1	1	1	113	53.2857	7	5	4.5	3	5	2.75	0	0	0	0	00:00:00.048
20:43:07	15.06.2015	gromacs/binio.s	109	0	2	8	0	2	46	46	46	46	46	46	46	46	46	1	1	1	46	46	46	4	2	0	1	0.25	0	0	0	0	0	0	0	0	0	0.189623	109	0	2	8	0	2	46	46	46	46	46	46	46	46	46	1	1	1	46	46	46	4	2	0	1	0.25	0	0	0	0	00:00:00.016
20:43:07	15.06.2015	gromacs/nsb.s	598	0	3	14	0	3	227	178.333	110	227	178.333	110	227	178.333	110	2	1.33333	1	227	178.333	110	3	2.85714	2	1	0.571429	0	1	0.214286	0	0	1	1	0	1	0.735366	598	0	3	14	0	3	227	178.333	110	227	178.333	110	227	178.333	110	2	1.33333	1	227	178.333	110	3	2.85714	2	1	0.571429	0	1	0.214286	0	00:00:00.163
20:43:07	15.06.2015	gromacs/wgms.s	263	0	2	8	0	2	106	102.5	99	106	102.5	99	106	102.5	99	1	1	1	106	102.5	99	3	3	3	0	0	0	2	1	0	0	0	0	0	0	0.188044	263	0	2	8	0	2	106	102.5	99	106	102.5	99	106	102.5	99	1	1	1	106	102.5	99	3	3	3	0	0	0	2	1	0	00:00:00.040
20:43:07	15.06.2015	sphinx3/lmclass.s	1221	0	9	62	0	7	500	98.4444	11	500	98.4444	11	500	98.4444	11	2	1.11111	1	500	98.4444	11	4	2.67742	1	4	0.709677	0	3	1.1129	0	0	3	3	2	1	75.7999	1148	0	8	57	0	7	513	102	11	513	102	11	513	102	11	1	1	1	513	102	11	4	2.66667	1	4	0.631579	0	3	1.14035	0	00:00:01.1626
20:43:09	15.06.2015	sphinx3/agc.s	119	0	1	1	0	1	76	76	76	76	76	76	76	76	76	1	1	1	76	76	76	4	4	4	4	4	4	0	0	0	0	0	0	0	0	0.112496	119	0	1	1	0	1	76	76	76	76	76	76	76	76	76	1	1	1	76	76	76	4	4	4	4	4	4	0	0	0	00:00:00.015
20:43:09	15.06.2015	sphinx3/hash.s	1003	0	14	29	0	7	123	66.7143	23	123	66.7143	23	123	66.7143	23	4	1.5	1	123	66.7143	23	5	2.62069	1	4	0.551724	0	2	0.241379	0	0	14	14	14	1	58.6125	780	0	8	11	0	7	159	91.875	47	159	91.875	47	159	91.875	47	1	1	1	159	91.875	47	5	1.81818	1	3	0.272727	0	2	0.454545	0	00:00:00.190
20:43:09	15.06.2015	sphinx3/utt.s	3739	0	8	145	0	7	1237	419.375	32	1237	419.375	32	1237	419.375	32	5	2.125	1	1237	419.375	32	10	2.73793	1	4	0.275862	0	2	0.42069	0	0	10	10	6	4	321.278	3816	0	7	139	0	7	1262	490.429	94	1262	490.429	94	1262	490.429	94	3	1.57143	1	1262	490.429	94	10	2.76259	1	4	0.28777	0	2	0.359712	0	00:00:20.20336
20:43:29	15.06.2015	sphinx3/cmn_prior.s	427	0	1	6	0	1	261	261	261	261	261	261	261	261	261	1	1	1	261	261	261	4	3	2	3	2.33333	1	0	0	0	0	0	0	0	0	0.526032	427	0	1	6	0	1	261	261	261	261	261	261	261	261	261	1	1	1	261	261	261	4	3	2	3	2.33333	1	0	0	0	00:00:00.170
20:43:29	15.06.2015	sphinx3/lextree.s	3780	2	15	86	2	11	1496	239.267	30	1496	239.267	30	1496	239.267	30	6	1.46667	1	1496	239.267	30	7	3.02326	1	4	0.395349	0	3	0.697674	0	2	13	9	8	1	62006.9	4141	2	14	96	2	11	1836	282.214	30	1836	282.214	30	1836	282.214	30	1	1	1	1836	282.214	30	7	2.86458	1	4	0.697917	0	3	0.802083	0	00:01:26.86677
20:44:56	15.06.2015	sphinx3/profile.s	387	0	11	26	0	11	96	25.9091	4	96	25.9091	4	96	25.9091	4	2	1.18182	1	96	25.9091	4	4	2.07692	1	3	0.923077	0	1	0.153846	0	0	2	2	1	1	1.20252	395	0	11	25	0	11	96	26.6364	4	96	26.6364	4	96	26.6364	4	2	1.09091	1	96	26.6364	4	4	2.12	1	3	0.96	0	1	0.12	0	00:00:00.038
20:44:56	15.06.2015	sphinx3/cmn.s	562	0	2	5	0	2	350	180	10	350	180	10	350	180	10	1	1	1	350	180	10	4	2.2	1	3	0.6	0	1	0.2	0	0	0	0	0	0	0.937051	562	0	2	5	0	2	350	180	10	350	180	10	350	180	10	1	1	1	350	180	10	4	2.2	1	3	0.6	0	1	0.2	0	00:00:00.324
20:44:56	15.06.2015	sphinx3/dict2pid.s	2759	0	9	113	0	4	1122	286.889	87	1122	286.889	87	1122	286.889	87	4	1.33333	1	1122	286.889	87	6	2.84071	1	4	0.238938	0	3	0.663717	0	0	8	8	4	4	5809.9	2478	0	5	93	0	4	1210	461	94	1210	461	94	1210	461	94	4	1.6	1	1210	461	94	6	2.86022	1	4	0.290323	0	3	0.591398	0	00:00:17.17825
20:45:14	15.06.2015	sphinx3/bio.s	972	0	10	70	0	6	230	80.2	25	230	80.2	25	230	80.2	25	3	1.2	1	230	80.2	25	6	2.68571	1	4	0.942857	0	1	0.257143	0	0	6	6	5	1	20.1788	798	0	7	59	0	6	243	92	25	243	92	25	243	92	25	1	1	1	243	92	25	4	2.64407	1	4	0.813559	0	1	0.305085	0	00:00:00.211
20:45:14	15.06.2015	sphinx3/kbcore.s	1377	0	2	96	0	2	1001	568	135	1001	568	135	1001	568	135	1	1	1	1001	568	135	9	2.375	1	4	0.8125	0	1	0.03125	0	0	0	0	0	0	2.23407	1377	0	2	96	0	2	1001	568	135	1001	568	135	1001	568	135	1	1	1	1001	568	135	9	2.375	1	4	0.8125	0	1	0.03125	0	00:00:14.14099
20:45:29	15.06.2015	sphinx3/str2words.s	185	0	1	2	0	1	162	162	162	162	162	162	162	162	162	1	1	1	162	162	162	0	0	0	0	0	0	2	2	2	0	0	0	0	0	0.183409	185	0	1	2	0	1	162	162	162	162	162	162	162	162	162	1	1	1	162	162	162	0	0	0	0	0	0	2	2	2	00:00:00.081
20:45:29	15.06.2015	sphinx3/ascr.s	48	0	1	2	0	1	34	34	34	34	34	34	34	34	34	1	1	1	34	34	34	4	4	4	4	3.5	3	0	0	0	0	0	0	0	0	0.06712	48	0	1	2	0	1	34	34	34	34	34	34	34	34	34	1	1	1	34	34	34	4	4	4	4	3.5	3	0	0	0	00:00:00.007
20:45:29	15.06.2015	sphinx3/parse_args_file.s	813	0	2	25	0	2	182	94	6	182	94	6	182	94	6	1	1	1	182	94	6	5	2.08	1	4	0.4	0	2	0.68	0	0	0	0	0	0	0.450145	813	0	2	25	0	2	182	94	6	182	94	6	182	94	6	1	1	1	182	94	6	5	2.08	1	4	0.4	0	2	0.68	0	00:00:00.093
20:45:29	15.06.2015	sphinx3/beam.s	55	0	1	5	0	1	40	40	40	40	40	40	40	40	40	1	1	1	40	40	40	4	1.6	1	4	0.8	0	0	0	0	0	0	0	0	0	0.064901	55	0	1	5	0	1	40	40	40	40	40	40	40	40	40	1	1	1	40	40	40	4	1.6	1	4	0.8	0	0	0	0	00:00:00.006
20:45:29	15.06.2015	sphinx3/wid.s	695	0	2	24	0	2	514	305	96	514	305	96	514	305	96	1	1	1	514	305	96	4	2.54167	2	4	0.291667	0	2	1.125	0	0	0	0	0	0	1.86552	695	0	2	24	0	2	514	305	96	514	305	96	514	305	96	1	1	1	514	305	96	4	2.54167	2	4	0.291667	0	2	1.125	0	00:00:01.1185
20:45:30	15.06.2015	sphinx3/lm.s	6416	0	25	277	0	16	1826	234.88	9	1826	234.88	9	1826	234.88	9	13	1.88	1	1826	234.88	9	7	2.51264	0	4	0.595668	0	2	0.216606	0	0	31	31	6	23	18862.7	5844	0	20	251	0	16	1807	266.9	9	1807	266.9	9	1807	266.9	9	12	1.95	1	1807	266.9	9	7	2.55378	0	4	0.653386	0	2	0.211155	0	00:01:28.88560
20:46:59	15.06.2015	sphinx3/io.s	700	0	7	55	0	7	187	82.1429	14	187	82.1429	14	187	82.1429	14	2	1.14286	1	187	82.1429	14	4	2.05455	0	3	0.709091	0	1	0.145455	0	0	1	1	0	1	0.45151	700	0	7	55	0	7	187	82.1429	14	187	82.1429	14	187	82.1429	14	2	1.14286	1	187	82.1429	14	4	2.05455	0	3	0.709091	0	1	0.145455	0	00:00:00.209
20:46:59	15.06.2015	sphinx3/tmat.s	912	0	5	53	0	5	412	147.4	26	412	147.4	26	412	147.4	26	2	1.2	1	412	147.4	26	6	2.83019	1	4	0.320755	0	3	0.415094	0	0	1	1	1	0	6.64526	900	0	5	44	0	5	400	145	26	400	145	26	400	145	26	1	1	1	400	145	26	6	2.95455	1	4	0.386364	0	3	0.5	0	00:00:00.664
20:46:59	15.06.2015	sphinx3/spec_main_live_pretend.s	674	0	1	47	0	1	541	541	541	541	541	541	541	541	541	1	1	1	541	541	541	4	2.10638	1	3	0.12766	0	3	0.723404	0	0	0	0	0	0	1.48445	674	0	1	47	0	1	541	541	541	541	541	541	541	541	541	1	1	1	541	541	541	4	2.10638	1	3	0.12766	0	3	0.723404	0	00:00:01.1118
20:47:01	15.06.2015	sphinx3/logs3.s	565	0	9	33	0	9	163	37.1111	3	163	37.1111	3	163	37.1111	3	1	1	1	163	37.1111	3	4	2.12121	1	4	1.27273	0	1	0.0606061	0	0	0	0	0	0	0.265167	565	0	9	33	0	9	163	37.1111	3	163	37.1111	3	163	37.1111	3	1	1	1	163	37.1111	3	4	2.12121	1	4	1.27273	0	1	0.0606061	0	00:00:00.060
20:47:01	15.06.2015	sphinx3/subvq.s	2947	0	10	108	0	7	989	270	68	989	270	68	989	270	68	2	1.2	1	989	270	68	6	2.61111	0	4	0.212963	0	3	0.824074	0	0	5	5	4	1	154	2816	0	8	99	0	7	1017	321.875	79	1017	321.875	79	1017	321.875	79	1	1	1	1017	321.875	79	6	2.63636	0	4	0.161616	0	3	0.868687	0	00:00:11.11593
20:47:12	15.06.2015	sphinx3/fillpen.s	560	0	3	27	0	3	372	145	26	372	145	26	372	145	26	1	1	1	372	145	26	4	2.14815	1	4	0.407407	0	1	0.407407	0	0	0	0	0	0	1.07	560	0	3	27	0	3	372	145	26	372	145	26	372	145	26	1	1	1	372	145	26	4	2.14815	1	4	0.407407	0	1	0.407407	0	00:00:00.432
20:47:13	15.06.2015	sphinx3/hmm.s	1332	0	6	49	0	5	537	208.667	32	537	208.667	32	537	208.667	32	30	6.5	1	537	208.667	32	5	2.40816	1	3	0.102041	0	1	0.0816327	0	0	34	34	36	2	102.626	2854	0	5	17	0	5	1107	555.2	71	1107	555.2	71	1107	555.2	71	3	1.4	1	1107	555.2	71	5	3.05882	1	3	0.294118	0	1	0.235294	0	00:00:01.1832
20:47:14	15.06.2015	sphinx3/err.s	186	0	8	37	0	8	26	18.375	11	26	18.375	11	26	18.375	11	1	1	1	26	18.375	11	3	1.48649	0	1	0.243243	0	0	0	0	0	0	0	0	0	0.183285	186	0	8	37	0	8	26	18.375	11	26	18.375	11	26	18.375	11	1	1	1	26	18.375	11	3	1.48649	0	1	0.243243	0	0	0	0	00:00:00.016
20:47:14	15.06.2015	sphinx3/unlimit.s	17	0	1	2	0	1	10	10	10	10	10	10	10	10	10	1	1	1	10	10	10	2	2	2	1	1	1	0	0	0	0	0	0	0	0	0.092417	17	0	1	2	0	1	10	10	10	10	10	10	10	10	10	1	1	1	10	10	10	2	2	2	1	1	1	0	0	0	00:00:00.009
20:47:15	15.06.2015	sphinx3/approx_cont_mgau.s	857	0	4	16	0	4	453	199.5	49	453	199.5	49	453	199.5	49	3	1.75	1	453	199.5	49	9	4.0625	1	1	0.125	0	1	0.3125	0	0	3	3	1	2	25.2167	874	0	4	15	0	4	470	203.75	49	470	203.75	49	470	203.75	49	3	1.5	1	470	203.75	49	9	4	1	1	0.133333	0	1	0.333333	0	00:00:00.766
20:47:15	15.06.2015	sphinx3/ckd_alloc.s	789	0	11	29	0	11	244	65.2727	11	244	65.2727	11	244	65.2727	11	6	2.18182	1	244	65.2727	11	4	2.31034	1	3	0.413793	0	0	0	0	0	13	13	5	8	4.97555	809	0	11	24	0	11	244	67.0909	11	244	67.0909	11	244	67.0909	11	5	1.72727	1	244	67.0909	11	4	2.58333	1	3	0.5	0	0	0	0	00:00:00.122
20:47:15	15.06.2015	sphinx3/heap.s	402	2	7	11	2	5	122	51.5714	11	122	51.5714	11	122	51.5714	11	2	1.14286	1	122	51.5714	11	4	2.45455	1	4	0.909091	0	1	0.0909091	0	2	7	1	1	0	0.469997	422	2	7	10	2	5	122	54.4286	11	122	54.4286	11	122	54.4286	11	1	1	1	122	54.4286	11	4	2.4	1	4	1	0	0	0	0	00:00:00.055
20:47:15	15.06.2015	sphinx3/specrand.s	61	0	2	0	0	2	41	23	5	41	23	5	41	23	5	1	1	1	41	23	5	0	0	0	0	0	0	0	0	0	0	0	0	0	0	0.100352	61	0	2	0	0	2	41	23	5	41	23	5	41	23	5	1	1	1	41	23	5	0	0	0	0	0	0	0	0	0	00:00:00.010
20:47:15	15.06.2015	sphinx3/kb.s	3094	0	5	208	0	5	1923	524.8	41	1923	524.8	41	1923	524.8	41	2	1.2	1	1923	524.8	41	28	2.19231	1	4	0.230769	0	2	0.158654	0	0	1	1	0	1	18.6162	3094	0	5	208	0	5	1923	524.8	41	1923	524.8	41	1923	524.8	41	2	1.2	1	1923	524.8	41	28	2.19231	1	4	0.230769	0	2	0.158654	0	00:01:05.65575
20:48:21	15.06.2015	sphinx3/case.s	183	0	3	0	0	3	90	54.6667	37	90	54.6667	37	90	54.6667	37	1	1	1	90	54.6667	37	0	0	0	0	0	0	0	0	0	0	0	0	0	0	0.216697	183	0	3	0	0	3	90	54.6667	37	90	54.6667	37	90	54.6667	37	1	1	1	90	54.6667	37	0	0	0	0	0	0	0	0	0	00:00:00.036
20:48:21	15.06.2015	perlbench/locale.s	113	0	8	5	0	8	44	8.375	2	44	8.375	2	44	8.375	2	2	1.125	1	44	8.375	2	3	1.8	1	3	1.2	0	0	0	0	0	1	1	0	1	0.184314	113	0	8	5	0	8	44	8.375	2	44	8.375	2	44	8.375	2	2	1.125	1	44	8.375	2	3	1.8	1	3	1.2	0	0	0	0	00:00:00.015
20:48:21	15.06.2015	perlbench/perlapi.s	1	0	0	0	0	0	0	0	0	0	0	0	0	0	0	0	0	0	0	0	0	0	0	0	0	0	0	0	0	0	0	0	0	0	0	0.033228	1	0	0	0	0	0	0	0	0	0	0	0	0	0	0	0	0	0	0	0	0	0	0	0	0	0	0	0	0	0	00:00:00.007
20:48:21	15.06.2015	perlbench/stdio.s	32	0	3	3	0	3	9	7	5	9	7	5	9	7	5	1	1	1	9	7	5	3	2	1	1	0.333333	0	0	0	0	0	0	0	0	0	0.047852	32	0	3	3	0	3	9	7	5	9	7	5	9	7	5	1	1	1	9	7	5	3	2	1	1	0.333333	0	0	0	0	00:00:00.006
20:48:21	15.06.2015	perlbench/deb.s	124	0	6	3	0	5	49	12.5	2	49	12.5	2	49	12.5	2	1	1	1	49	12.5	2	5	2.66667	0	1	0.666667	0	0	0	0	0	1	1	1	0	0.166643	120	0	5	2	0	5	58	14.4	2	58	14.4	2	58	14.4	2	1	1	1	58	14.4	2	3	1.5	0	1	0.5	0	0	0	0	00:00:00.020
20:48:21	15.06.2015	perlbench/specrand.s	61	0	2	0	0	2	41	23	5	41	23	5	41	23	5	1	1	1	41	23	5	0	0	0	0	0	0	0	0	0	0	0	0	0	0	0.072625	61	0	2	0	0	2	41	23	5	41	23	5	41	23	5	1	1	1	41	23	5	0	0	0	0	0	0	0	0	0	00:00:00.006
20:48:21	15.06.2015	perlbench/taint.s	788	0	2	23	0	2	514	322	130	514	322	130	514	322	130	7	4	1	514	322	130	4	2.04348	1	3	0.782609	0	1	0.26087	0	0	6	6	5	1	89.7096	838	0	2	18	0	2	564	347	130	564	347	130	564	347	130	2	1.5	1	564	347	130	4	2.05556	1	3	0.611111	0	1	0.277778	0	00:00:03.3616
20:48:25	15.06.2015	perlbench/pad.s	4837	1	21	123	1	19	881	216.143	3	881	216.143	3	881	216.143	3	3	1.33333	1	881	216.143	3	4	1.86992	0	2	0.333333	0	2	0.333333	0	1	10	8	3	6	3284.11	4943	1	21	125	1	19	987	221.19	3	987	221.19	3	987	221.19	3	3	1.2381	1	987	221.19	3	4	1.872	0	2	0.336	0	2	0.352	0	00:00:16.16934
20:48:42	15.06.2015	milc/byterevn.s	71	0	1	0	0	1	54	54	54	54	54	54	54	54	54	1	1	1	54	54	54	0	0	0	0	0	0	0	0	0	0	0	0	0	0	0.160946	71	0	1	0	0	1	54	54	54	54	54	54	54	54	54	1	1	1	54	54	54	0	0	0	0	0	0	0	0	0	00:00:00.016
20:48:42	15.06.2015	milc/layout_hyper.s	378	0	4	11	0	4	212	79	5	212	79	5	212	79	5	1	1	1	212	79	5	2	1.45455	1	1	0.272727	0	1	0.363636	0	0	0	0	0	0	0.448711	378	0	4	11	0	4	212	79	5	212	79	5	212	79	5	1	1	1	212	79	5	2	1.45455	1	1	0.272727	0	1	0.363636	0	00:00:00.130
20:48:42	15.06.2015	milc/grsource_imp.s	436	0	2	13	0	2	203	169	135	203	169	135	203	169	135	1	1	1	203	169	135	5	2.46154	1	1	0.153846	0	2	0.769231	0	0	0	0	0	0	0.292108	436	0	2	13	0	2	203	169	135	203	169	135	203	169	135	1	1	1	203	169	135	5	2.46154	1	1	0.153846	0	2	0.769231	0	00:00:00.097
20:48:42	15.06.2015	milc/ranstuff.s	262	0	2	0	0	2	142	118.5	95	142	118.5	95	142	118.5	95	1	1	1	142	118.5	95	0	0	0	0	0	0	0	0	0	0	0	0	0	0	0.125334	262	0	2	0	0	2	142	118.5	95	142	118.5	95	142	118.5	95	1	1	1	142	118.5	95	0	0	0	0	0	0	0	0	0	00:00:00.014
20:48:42	15.06.2015	milc/mat_invert.s	756	0	3	27	0	3	311	182.667	86	311	182.667	86	311	182.667	86	1	1	1	311	182.667	86	7	2.66667	1	2	0.555556	0	2	0.444444	0	0	0	0	0	0	0.776409	756	0	3	27	0	3	311	182.667	86	311	182.667	86	311	182.667	86	1	1	1	311	182.667	86	7	2.66667	1	2	0.555556	0	2	0.444444	0	00:00:00.213
20:48:42	15.06.2015	milc/m_amatvec.s	444	0	1	0	0	1	269	269	269	269	269	269	269	269	269	1	1	1	269	269	269	0	0	0	0	0	0	0	0	0	0	0	0	0	0	0.180373	444	0	1	0	0	1	269	269	269	269	269	269	269	269	269	1	1	1	269	269	269	0	0	0	0	0	0	0	0	0	00:00:00.059
20:48:42	15.06.2015	milc/m_mv_s_4dir.s	707	0	1	0	0	1	352	352	352	352	352	352	352	352	352	1	1	1	352	352	352	0	0	0	0	0	0	0	0	0	0	0	0	0	0	0.393107	707	0	1	0	0	1	352	352	352	352	352	352	352	352	352	1	1	1	352	352	352	0	0	0	0	0	0	0	0	0	00:00:00.162
20:48:42	15.06.2015	milc/sub4vecs.s	451	0	1	0	0	1	444	444	444	444	444	444	444	444	444	1	1	1	444	444	444	0	0	0	0	0	0	0	0	0	0	0	0	0	0	0.168072	451	0	1	0	0	1	444	444	444	444	444	444	444	444	444	1	1	1	444	444	444	0	0	0	0	0	0	0	0	0	00:00:00.023
20:48:43	15.06.2015	milc/uncmp_ahmat.s	278	0	1	0	0	1	261	261	261	261	261	261	261	261	261	1	1	1	261	261	261	0	0	0	0	0	0	0	0	0	0	0	0	0	0	0.16034	278	0	1	0	0	1	261	261	261	261	261	261	261	261	261	1	1	1	261	261	261	0	0	0	0	0	0	0	0	0	00:00:00.019
20:48:43	15.06.2015	milc/subvec.s	102	0	1	0	0	1	78	78	78	78	78	78	78	78	78	1	1	1	78	78	78	0	0	0	0	0	0	0	0	0	0	0	0	0	0	0.168711	102	0	1	0	0	1	78	78	78	78	78	78	78	78	78	1	1	1	78	78	78	0	0	0	0	0	0	0	0	0	00:00:00.018
20:48:43	15.06.2015	milc/addmat.s	147	0	1	0	0	1	111	111	111	111	111	111	111	111	111	1	1	1	111	111	111	0	0	0	0	0	0	0	0	0	0	0	0	0	0	0.13163	147	0	1	0	0	1	111	111	111	111	111	111	111	111	111	1	1	1	111	111	111	0	0	0	0	0	0	0	0	0	00:00:00.032
20:48:43	15.06.2015	milc/dslash_fn2.s	2981	0	6	102	0	6	725	483.833	32	725	483.833	32	725	483.833	32	1	1	1	725	483.833	32	6	3.13725	1	0	0	0	1	0.892157	0	0	0	0	0	0	10.9182	2981	0	6	102	0	6	725	483.833	32	725	483.833	32	725	483.833	32	1	1	1	725	483.833	32	6	3.13725	1	0	0	0	1	0.892157	0	00:00:06.6458
20:48:49	15.06.2015	milc/m_amv_4dir.s	969	0	1	0	0	1	559	559	559	559	559	559	559	559	559	1	1	1	559	559	559	0	0	0	0	0	0	0	0	0	0	0	0	0	0	0.351617	969	0	1	0	0	1	559	559	559	559	559	559	559	559	559	1	1	1	559	559	559	0	0	0	0	0	0	0	0	0	00:00:00.238
20:48:49	15.06.2015	milc/d_plaq4.s	348	0	1	17	0	1	248	248	248	248	248	248	248	248	248	1	1	1	248	248	248	5	1.94118	1	1	0.176471	0	3	1.41176	0	0	0	0	0	0	0.241376	348	0	1	17	0	1	248	248	248	248	248	248	248	248	248	1	1	1	248	248	248	5	1.94118	1	1	0.176471	0	3	1.41176	0	00:00:00.096
20:48:49	15.06.2015	milc/make_ahmat.s	255	0	1	0	0	1	237	237	237	237	237	237	237	237	237	1	1	1	237	237	237	0	0	0	0	0	0	0	0	0	0	0	0	0	0	0.207259	255	0	1	0	0	1	237	237	237	237	237	237	237	237	237	1	1	1	237	237	237	0	0	0	0	0	0	0	0	0	00:00:00.017
20:48:49	15.06.2015	milc/io_nonansi.s	233	0	5	15	0	5	92	35.4	17	92	35.4	17	92	35.4	17	1	1	1	92	35.4	17	3	1.86667	0	2	0.533333	0	0	0	0	0	0	0	0	0	0.13759	233	0	5	15	0	5	92	35.4	17	92	35.4	17	92	35.4	17	1	1	1	92	35.4	17	3	1.86667	0	2	0.533333	0	0	0	0	00:00:00.029
20:48:49	15.06.2015	milc/s_m_a_vec.s	116	0	1	0	0	1	84	84	84	84	84	84	84	84	84	1	1	1	84	84	84	0	0	0	0	0	0	0	0	0	0	0	0	0	0	0.193403	116	0	1	0	0	1	84	84	84	84	84	84	84	84	84	1	1	1	84	84	84	0	0	0	0	0	0	0	0	0	00:00:00.018
20:48:49	15.06.2015	milc/path_product.s	847	0	1	36	0	1	809	809	809	809	809	809	809	809	809	1	1	1	809	809	809	5	2.36111	1	2	0.111111	0	2	1	0	0	0	0	0	0	3.34309	847	0	1	36	0	1	809	809	809	809	809	809	809	809	809	1	1	1	809	809	809	5	2.36111	1	2	0.111111	0	2	1	0	00:00:02.2556
20:48:52	15.06.2015	milc/update_u.s	168	0	1	14	0	1	109	109	109	109	109	109	109	109	109	1	1	1	109	109	109	4	3.28571	2	0	0	0	2	2	2	0	0	0	0	0	0.122922	168	0	1	14	0	1	109	109	109	109	109	109	109	109	109	1	1	1	109	109	109	4	3.28571	2	0	0	0	2	2	2	00:00:00.021
20:48:52	15.06.2015	milc/s_m_a_mat.s	169	0	1	0	0	1	117	117	117	117	117	117	117	117	117	1	1	1	117	117	117	0	0	0	0	0	0	0	0	0	0	0	0	0	0	0.130494	169	0	1	0	0	1	117	117	117	117	117	117	117	117	117	1	1	1	117	117	117	0	0	0	0	0	0	0	0	0	00:00:00.028
20:48:52	15.06.2015	milc/gauge_info.s	86	0	1	9	0	1	21	21	21	21	21	21	21	21	21	1	1	1	21	21	21	6	6	6	5	5	5	0	0	0	0	0	0	0	0	0.084099	86	0	1	9	0	1	21	21	21	21	21	21	21	21	21	1	1	1	21	21	21	6	6	6	5	5	5	0	0	0	00:00:00.006
20:48:52	15.06.2015	milc/check_unitarity.s	1390	0	2	22	0	2	924	588.5	253	924	588.5	253	924	588.5	253	2	1.5	1	924	588.5	253	2	1.5	1	0	0	0	4	1.81818	0	0	1	1	0	1	1.74425	1390	0	2	22	0	2	924	588.5	253	924	588.5	253	924	588.5	253	2	1.5	1	924	588.5	253	2	1.5	1	0	0	0	4	1.81818	0	00:00:02.2082
20:48:54	15.06.2015	milc/m_matvec.s	444	0	1	0	0	1	269	269	269	269	269	269	269	269	269	1	1	1	269	269	269	0	0	0	0	0	0	0	0	0	0	0	0	0	0	0.208723	444	0	1	0	0	1	269	269	269	269	269	269	269	269	269	1	1	1	269	269	269	0	0	0	0	0	0	0	0	0	00:00:00.064
20:48:54	15.06.2015	milc/su3_adjoint.s	113	0	1	0	0	1	88	88	88	88	88	88	88	88	88	1	1	1	88	88	88	0	0	0	0	0	0	0	0	0	0	0	0	0	0	0.084542	113	0	1	0	0	1	88	88	88	88	88	88	88	88	88	1	1	1	88	88	88	0	0	0	0	0	0	0	0	0	00:00:00.023
20:48:54	15.06.2015	milc/s_m_mat.s	413	0	1	0	0	1	406	406	406	406	406	406	406	406	406	1	1	1	406	406	406	0	0	0	0	0	0	0	0	0	0	0	0	0	0	0.122644	413	0	1	0	0	1	406	406	406	406	406	406	406	406	406	1	1	1	406	406	406	0	0	0	0	0	0	0	0	0	00:00:00.019
20:48:54	15.06.2015	milc/clearvec.s	64	0	1	0	0	1	51	51	51	51	51	51	51	51	51	1	1	1	51	51	51	0	0	0	0	0	0	0	0	0	0	0	0	0	0	0.133687	64	0	1	0	0	1	51	51	51	51	51	51	51	51	51	1	1	1	51	51	51	0	0	0	0	0	0	0	0	0	00:00:00.009
20:48:54	15.06.2015	milc/su3_proj.s	255	0	1	0	0	1	171	171	171	171	171	171	171	171	171	1	1	1	171	171	171	0	0	0	0	0	0	0	0	0	0	0	0	0	0	0.183248	255	0	1	0	0	1	171	171	171	171	171	171	171	171	171	1	1	1	171	171	171	0	0	0	0	0	0	0	0	0	00:00:00.046
20:48:54	15.06.2015	milc/update.s	204	0	1	10	0	1	116	116	116	116	116	116	116	116	116	1	1	1	116	116	116	7	1.6	0	0	0	0	1	0.9	0	0	0	0	0	0	0.17976	204	0	1	10	0	1	116	116	116	116	116	116	116	116	116	1	1	1	116	116	116	7	1.6	0	0	0	0	1	0.9	0	00:00:00.023
20:48:54	15.06.2015	milc/m_mat_hwvec.s	1305	0	1	0	0	1	1298	1298	1298	1298	1298	1298	1298	1298	1298	1	1	1	1298	1298	1298	0	0	0	0	0	0	0	0	0	0	0	0	0	0	0.672654	1305	0	1	0	0	1	1298	1298	1298	1298	1298	1298	1298	1298	1298	1	1	1	1298	1298	1298	0	0	0	0	0	0	0	0	0	00:00:00.055
20:48:54	15.06.2015	milc/submat.s	147	0	1	0	0	1	111	111	111	111	111	111	111	111	111	1	1	1	111	111	111	0	0	0	0	0	0	0	0	0	0	0	0	0	0	0.135132	147	0	1	0	0	1	111	111	111	111	111	111	111	111	111	1	1	1	111	111	111	0	0	0	0	0	0	0	0	0	00:00:00.033
20:48:55	15.06.2015	milc/l_su2_hit_n.s	61	0	1	1	0	1	48	48	48	48	48	48	48	48	48	1	1	1	48	48	48	3	3	3	0	0	0	1	1	1	0	0	0	0	0	0.101978	61	0	1	1	0	1	48	48	48	48	48	48	48	48	48	1	1	1	48	48	48	3	3	3	0	0	0	1	1	1	00:00:00.012
20:48:55	15.06.2015	milc/s_m_vec.s	88	0	1	0	0	1	64	64	64	64	64	64	64	64	64	1	1	1	64	64	64	0	0	0	0	0	0	0	0	0	0	0	0	0	0	0.196223	88	0	1	0	0	1	64	64	64	64	64	64	64	64	64	1	1	1	64	64	64	0	0	0	0	0	0	0	0	0	00:00:00.018
20:48:55	15.06.2015	milc/ranmom.s	70	0	1	1	0	1	49	49	49	49	49	49	49	49	49	1	1	1	49	49	49	2	2	2	0	0	0	2	2	2	0	0	0	0	0	0.128274	70	0	1	1	0	1	49	49	49	49	49	49	49	49	49	1	1	1	49	49	49	2	2	2	0	0	0	2	2	2	00:00:00.012
20:48:55	15.06.2015	milc/m_mat_nn.s	660	0	1	0	0	1	325	325	325	325	325	325	325	325	325	1	1	1	325	325	325	0	0	0	0	0	0	0	0	0	0	0	0	0	0	0.483247	660	0	1	0	0	1	325	325	325	325	325	325	325	325	325	1	1	1	325	325	325	0	0	0	0	0	0	0	0	0	00:00:00.132
20:48:55	15.06.2015	milc/m_amv_4vec.s	994	0	1	0	0	1	582	582	582	582	582	582	582	582	582	1	1	1	582	582	582	0	0	0	0	0	0	0	0	0	0	0	0	0	0	0.425357	994	0	1	0	0	1	582	582	582	582	582	582	582	582	582	1	1	1	582	582	582	0	0	0	0	0	0	0	0	0	00:00:00.256
20:48:55	15.06.2015	milc/reunitarize2.s	1422	0	4	28	0	4	1030	330.5	26	1030	330.5	26	1030	330.5	26	5	2.5	1	1030	330.5	26	3	1.53571	1	1	0.0714286	0	2	0.642857	0	0	6	6	5	1	22.9237	1515	0	4	25	0	4	1110	353.75	26	1110	353.75	26	1110	353.75	26	2	1.25	1	1110	353.75	26	2	1.56	1	1	0.08	0	2	0.8	0	00:00:00.130
20:48:55	15.06.2015	milc/m_mat_an.s	1061	0	1	0	0	1	698	698	698	698	698	698	698	698	698	1	1	1	698	698	698	0	0	0	0	0	0	0	0	0	0	0	0	0	0	0.578912	1061	0	1	0	0	1	698	698	698	698	698	698	698	698	698	1	1	1	698	698	698	0	0	0	0	0	0	0	0	0	00:00:00.389
20:48:55	15.06.2015	milc/update_h.s	86	0	1	5	0	1	68	68	68	68	68	68	68	68	68	1	1	1	68	68	68	3	2	1	1	0.6	0	0	0	0	0	0	0	0	0	0.074471	86	0	1	5	0	1	68	68	68	68	68	68	68	68	68	1	1	1	68	68	68	3	2	1	1	0.6	0	0	0	0	00:00:00.008
20:48:56	15.06.2015	milc/r_su2_hit_a.s	61	0	1	1	0	1	48	48	48	48	48	48	48	48	48	1	1	1	48	48	48	3	3	3	0	0	0	1	1	1	0	0	0	0	0	0.1101	61	0	1	1	0	1	48	48	48	48	48	48	48	48	48	1	1	1	48	48	48	3	3	3	0	0	0	1	1	1	00:00:00.015
20:48:56	15.06.2015	milc/realtr.s	138	0	1	0	0	1	88	88	88	88	88	88	88	88	88	1	1	1	88	88	88	0	0	0	0	0	0	0	0	0	0	0	0	0	0	0.134467	138	0	1	0	0	1	88	88	88	88	88	88	88	88	88	1	1	1	88	88	88	0	0	0	0	0	0	0	0	0	00:00:00.018
20:48:56	15.06.2015	milc/su3_rdot.s	137	0	1	0	0	1	130	130	130	130	130	130	130	130	130	1	1	1	130	130	130	0	0	0	0	0	0	0	0	0	0	0	0	0	0	0.086398	137	0	1	0	0	1	130	130	130	130	130	130	130	130	130	1	1	1	130	130	130	0	0	0	0	0	0	0	0	0	00:00:00.015
20:48:56	15.06.2015	milc/addvec.s	102	0	1	0	0	1	78	78	78	78	78	78	78	78	78	1	1	1	78	78	78	0	0	0	0	0	0	0	0	0	0	0	0	0	0	0.133596	102	0	1	0	0	1	78	78	78	78	78	78	78	78	78	1	1	1	78	78	78	0	0	0	0	0	0	0	0	0	00:00:00.016
20:48:56	15.06.2015	milc/gaussrand.s	119	0	1	4	0	1	54	54	54	54	54	54	54	54	54	1	1	1	54	54	54	1	1	1	0	0	0	1	0.5	0	0	0	0	0	0	0.114746	119	0	1	4	0	1	54	54	54	54	54	54	54	54	54	1	1	1	54	54	54	1	1	1	0	0	0	1	0.5	0	00:00:00.016
20:48:56	15.06.2015	milc/rand_ahmat.s	104	0	1	9	0	1	91	91	91	91	91	91	91	91	91	1	1	1	91	91	91	1	1	1	1	0.111111	0	0	0	0	0	0	0	0	0	0.093615	104	0	1	9	0	1	91	91	91	91	91	91	91	91	91	1	1	1	91	91	91	1	1	1	1	0.111111	0	0	0	0	00:00:00.011
20:48:56	15.06.2015	milc/s_m_s_mat.s	169	0	1	0	0	1	117	117	117	117	117	117	117	117	117	1	1	1	117	117	117	0	0	0	0	0	0	0	0	0	0	0	0	0	0	0.210735	169	0	1	0	0	1	117	117	117	117	117	117	117	117	117	1	1	1	117	117	117	0	0	0	0	0	0	0	0	0	00:00:00.039
20:48:56	15.06.2015	milc/m_mat_na.s	660	0	1	0	0	1	325	325	325	325	325	325	325	325	325	1	1	1	325	325	325	0	0	0	0	0	0	0	0	0	0	0	0	0	0	0.29934	660	0	1	0	0	1	325	325	325	325	325	325	325	325	325	1	1	1	325	325	325	0	0	0	0	0	0	0	0	0	00:00:00.130
20:48:56	15.06.2015	milc/m_amat_hwvec.s	1305	0	1	0	0	1	1298	1298	1298	1298	1298	1298	1298	1298	1298	1	1	1	1298	1298	1298	0	0	0	0	0	0	0	0	0	0	0	0	0	0	0.825518	1305	0	1	0	0	1	1298	1298	1298	1298	1298	1298	1298	1298	1298	1	1	1	1298	1298	1298	0	0	0	0	0	0	0	0	0	00:00:00.041
20:48:56	15.06.2015	milc/su3mat_copy.s	107	0	1	0	0	1	87	87	87	87	87	87	87	87	87	1	1	1	87	87	87	0	0	0	0	0	0	0	0	0	0	0	0	0	0	0.198714	107	0	1	0	0	1	87	87	87	87	87	87	87	87	87	1	1	1	87	87	87	0	0	0	0	0	0	0	0	0	00:00:00.025
20:48:56	15.06.2015	milc/msq_su3vec.s	93	0	1	0	0	1	85	85	85	85	85	85	85	85	85	1	1	1	85	85	85	0	0	0	0	0	0	0	0	0	0	0	0	0	0	0.073618	93	0	1	0	0	1	85	85	85	85	85	85	85	85	85	1	1	1	85	85	85	0	0	0	0	0	0	0	0	0	00:00:00.008
20:48:56	15.06.2015	milc/clear_mat.s	79	0	1	0	0	1	65	65	65	65	65	65	65	65	65	1	1	1	65	65	65	0	0	0	0	0	0	0	0	0	0	0	0	0	0	0.125423	79	0	1	0	0	1	65	65	65	65	65	65	65	65	65	1	1	1	65	65	65	0	0	0	0	0	0	0	0	0	00:00:00.017
20:48:56	15.06.2015	milc/rephase.s	431	0	2	2	0	2	170	156	142	170	156	142	170	156	142	1	1	1	170	156	142	2	1.5	1	1	1	1	0	0	0	0	0	0	0	0	0.609889	431	0	2	2	0	2	170	156	142	170	156	142	170	156	142	1	1	1	170	156	142	2	1.5	1	1	1	1	0	0	0	00:00:00.104
20:48:56	15.06.2015	milc/make_lattice.s	354	0	1	16	0	1	278	278	278	278	278	278	278	278	278	1	1	1	278	278	278	4	2	1	1	0.1875	0	4	1.1875	0	0	0	0	0	0	0.467642	354	0	1	16	0	1	278	278	278	278	278	278	278	278	278	1	1	1	278	278	278	4	2	1	1	0.1875	0	4	1.1875	0	00:00:00.154
20:48:56	15.06.2015	hmmer/revcomp.s	144	0	1	4	0	1	109	109	109	109	109	109	109	109	109	1	1	1	109	109	109	2	1	0	0	0	0	1	0.75	0	0	0	0	0	0	0.215256	144	0	1	4	0	1	109	109	109	109	109	109	109	109	109	1	1	1	109	109	109	2	1	0	0	0	0	1	0.75	0	00:00:00.034
20:48:56	15.06.2015	hmmer/hmmcalibrate.s	1121	0	2	101	0	1	659	393	127	659	393	127	659	393	127	1	1	1	659	393	127	8	2.0396	0	3	0.0792079	0	2	0.50495	0	0	1	1	1	0	10.8034	971	0	1	86	0	1	677	677	677	677	677	677	677	677	677	1	1	1	677	677	677	8	1.88372	0	1	0.0116279	0	1	0.476744	0	00:00:02.2118
20:48:58	15.06.2015	hmmer/emulation.s	763	0	1	37	0	1	566	566	566	566	566	566	566	566	566	1	1	1	566	566	566	3	2.89189	2	1	0.648649	0	2	0.27027	0	0	0	0	0	0	1.83306	763	0	1	37	0	1	566	566	566	566	566	566	566	566	566	1	1	1	566	566	566	3	2.89189	2	1	0.648649	0	2	0.27027	0	00:00:01.1622
20:49:00	15.06.2015	hmmer/cluster.s	2057	0	7	38	0	7	987	235.143	35	987	235.143	35	987	235.143	35	2	1.14286	1	987	235.143	35	3	2.10526	0	2	0.105263	0	2	0.605263	0	0	1	1	1	0	1765.85	2073	0	7	38	0	7	1003	237.429	35	1003	237.429	35	1003	237.429	35	1	1	1	1003	237.429	35	3	2.10526	0	2	0.105263	0	2	0.605263	0	00:00:08.8783
20:49:09	15.06.2015	hmmer/alphabet.s	1269	0	10	41	0	9	195	95.4	26	195	95.4	26	195	95.4	26	17	2.9	1	195	95.4	26	5	2.09756	1	2	0.292683	0	2	0.268293	0	0	20	20	2	18	8.0399	1303	0	10	43	0	9	212	98.8	26	212	98.8	26	212	98.8	26	17	2.7	1	212	98.8	26	5	2.09302	1	2	0.325581	0	2	0.325581	0	00:00:00.246
20:49:09	15.06.2015	hmmer/alignio.s	2704	0	12	53	0	12	588	212.25	51	588	212.25	51	588	212.25	51	2	1.08333	1	588	212.25	51	3	1.84906	0	2	0.226415	0	2	0.509434	0	0	1	1	1	0	17.6477	2756	0	12	52	0	12	588	216.583	51	588	216.583	51	588	216.583	51	1	1	1	588	216.583	51	3	1.86538	0	2	0.230769	0	2	0.519231	0	00:00:03.3709
20:49:13	15.06.2015	hmmer/stack.s	192	0	5	7	0	5	45	33.4	20	45	33.4	20	45	33.4	20	2	1.2	1	45	33.4	20	2	1.42857	1	1	0.571429	0	1	0.142857	0	0	1	1	1	0	0.325764	208	0	5	6	0	5	45	36.6	20	45	36.6	20	45	36.6	20	1	1	1	45	36.6	20	2	1.33333	1	1	0.666667	0	0	0	0	00:00:00.017
20:49:13	15.06.2015	hmmer/sre_ctype.s	57	0	2	4	0	2	23	23	23	23	23	23	23	23	23	1	1	1	23	23	23	1	0.5	0	0	0	0	0	0	0	0	0	0	0	0	0.079557	57	0	2	4	0	2	23	23	23	23	23	23	23	23	23	1	1	1	23	23	23	1	0.5	0	0	0	0	0	0	0	00:00:00.018
20:49:13	15.06.2015	hmmer/msa.s	5982	0	32	222	0	32	694	177.094	30	694	177.094	30	694	177.094	30	3	1.34375	1	694	177.094	30	4	2.21622	0	3	0.536036	0	1	0.144144	0	0	11	11	6	5	2145.25	6112	0	32	220	0	32	694	181.156	30	694	181.156	30	694	181.156	30	3	1.15625	1	694	181.156	30	4	2.2	0	3	0.540909	0	1	0.145455	0	00:00:11.11765
20:49:25	15.06.2015	hmmer/phylip.s	409	0	2	25	0	2	234	173	112	234	173	112	234	173	112	1	1	1	234	173	112	4	2.04	0	1	0.04	0	2	0.68	0	0	0	0	0	0	0.312912	409	0	2	25	0	2	234	173	112	234	173	112	234	173	112	1	1	1	234	173	112	4	2.04	0	1	0.04	0	2	0.68	0	00:00:00.113
20:49:25	15.06.2015	hmmer/vectorops.s	1400	0	28	12	0	28	60	39	30	60	39	30	60	39	30	2	1.14286	1	60	39	30	2	1.33333	1	0	0	0	1	0.5	0	0	4	4	3	1	7.33945	1433	0	28	9	0	28	71	40.1786	30	71	40.1786	30	71	40.1786	30	2	1.03571	1	71	40.1786	30	2	1.11111	1	0	0	0	1	0.666667	0	00:00:00.109
20:49:25	15.06.2015	hmmer/shuffle.s	2376	0	9	52	0	9	741	243.556	67	741	243.556	67	741	243.556	67	1	1	1	741	243.556	67	3	1.34615	0	2	0.115385	0	2	0.461538	0	0	0	0	0	0	6.46262	2376	0	9	52	0	9	741	243.556	67	741	243.556	67	741	243.556	67	1	1	1	741	243.556	67	3	1.34615	0	2	0.115385	0	2	0.461538	0	00:00:04.4207
20:49:29	15.06.2015	hmmer/stockholm.s	2878	0	10	141	0	3	1263	245.2	8	1263	245.2	8	1263	245.2	8	2	1.1	1	1263	245.2	8	4	2.58865	1	2	0.35461	0	3	0.41844	0	0	8	8	6	2	356.858	1926	0	4	71	0	3	1263	413.25	8	1263	413.25	8	1263	413.25	8	2	1.25	1	1263	413.25	8	3	2.6338	1	2	0.183099	0	3	0.816901	0	00:00:17.17214
20:49:46	15.06.2015	hmmer/plan9.s	546	0	5	23	0	5	149	95.8	60	149	95.8	60	149	95.8	60	2	1.2	1	149	95.8	60	3	1.86957	1	3	0.73913	0	1	0.217391	0	0	1	1	1	0	10.6355	460	0	5	14	0	5	149	81	20	149	81	20	149	81	20	1	1	1	149	81	20	2	1.42857	1	1	0.0714286	0	1	0.357143	0	00:00:00.085
20:49:46	15.06.2015	hmmer/dayhoff.s	564	0	1	23	0	1	419	419	419	419	419	419	419	419	419	1	1	1	419	419	419	3	1.65217	0	0	0	0	2	1.04348	0	0	0	0	0	0	0.940882	564	0	1	23	0	1	419	419	419	419	419	419	419	419	419	1	1	1	419	419	419	3	1.65217	0	0	0	0	2	1.04348	0	00:00:00.722
20:49:47	15.06.2015	hmmer/postprob.s	3897	0	7	61	0	6	1274	545.286	18	1274	545.286	18	1274	545.286	18	5	2.14286	1	1274	545.286	18	6	2.13115	1	2	0.0491803	0	2	0.95082	0	0	9	9	5	4	74.6773	3946	0	6	60	0	6	1274	644.833	41	1274	644.833	41	1274	644.833	41	2	1.66667	1	1274	644.833	41	6	2.21667	1	2	0.116667	0	2	0.966667	0	00:00:12.12560
20:50:00	15.06.2015	hmmer/masks.s	692	0	3	14	0	3	336	196.667	8	336	196.667	8	336	196.667	8	1	1	1	336	196.667	8	3	1.92857	1	2	0.214286	0	1	0.285714	0	0	0	0	0	0	0.9864	692	0	3	14	0	3	336	196.667	8	336	196.667	8	336	196.667	8	1	1	1	336	196.667	8	3	1.92857	1	2	0.214286	0	1	0.285714	0	00:00:00.394
20:50:00	15.06.2015	hmmer/sre_random.s	870	0	7	15	0	7	212	81.8571	11	212	81.8571	11	212	81.8571	11	15	3	1	212	81.8571	11	1	0.0666667	0	0	0	0	2	0.866667	0	0	14	14	13	1	91.6714	2183	0	7	2	0	7	914	269.429	20	914	269.429	20	914	269.429	20	2	1.14286	1	914	269.429	20	1	0.5	0	0	0	0	2	1	0	00:00:00.223
20:50:00	15.06.2015	hmmer/mathsupport.s	1506	0	13	46	0	12	130	56.7692	6	130	56.7692	6	130	56.7692	6	2	1.07692	1	130	56.7692	6	3	1.13043	0	1	0.0869565	0	1	0.586957	0	0	2	2	1	1	9.3195	1511	0	13	45	0	12	130	57.1538	6	130	57.1538	6	130	57.1538	6	1	1	1	130	57.1538	6	3	1.13333	0	1	0.0888889	0	1	0.577778	0	00:00:00.133
20:50:00	15.06.2015	hmmer/iupac.s	155	0	0	0	0	0	0	0	0	0	0	0	0	0	0	0	0	0	0	0	0	0	0	0	0	0	0	0	0	0	0	0	0	0	0	0.108726	155	0	0	0	0	0	0	0	0	0	0	0	0	0	0	0	0	0	0	0	0	0	0	0	0	0	0	0	0	0	00:00:00.008
20:50:00	15.06.2015	hmmer/translate.s	192	0	1	5	0	1	153	153	153	153	153	153	153	153	153	1	1	1	153	153	153	2	1.6	1	1	0.4	0	1	0.4	0	0	0	0	0	0	0.202787	192	0	1	5	0	1	153	153	153	153	153	153	153	153	153	1	1	1	153	153	153	2	1.6	1	1	0.4	0	1	0.4	0	00:00:00.046
20:50:00	15.06.2015	hmmer/squidcore.s	46	0	1	5	0	1	21	21	21	21	21	21	21	21	21	1	1	1	21	21	21	3	3	3	1	1	1	0	0	0	0	0	0	0	0	0.045413	46	0	1	5	0	1	21	21	21	21	21	21	21	21	21	1	1	1	21	21	21	3	3	3	1	1	1	0	0	0	00:00:00.006
20:50:00	15.06.2015	hmmer/a2m.s	352	0	2	17	0	2	181	147.5	114	181	147.5	114	181	147.5	114	1	1	1	181	147.5	114	4	2.23529	1	2	0.117647	0	2	0.882353	0	0	0	0	0	0	0.432183	352	0	2	17	0	2	181	147.5	114	181	147.5	114	181	147.5	114	1	1	1	181	147.5	114	4	2.23529	1	2	0.117647	0	2	0.882353	0	00:00:00.089
20:50:01	15.06.2015	hmmer/msf.s	1494	0	2	72	0	2	717	646.5	576	717	646.5	576	717	646.5	576	1	1	1	717	646.5	576	4	2.09722	0	2	0.138889	0	3	0.666667	0	0	0	0	0	0	6.4713	1494	0	2	72	0	2	717	646.5	576	717	646.5	576	717	646.5	576	1	1	1	717	646.5	576	4	2.09722	0	2	0.138889	0	3	0.666667	0	00:00:06.6502
20:50:07	15.06.2015	hmmer/clustal.s	371	0	2	20	0	2	182	156	130	182	156	130	182	156	130	1	1	1	182	156	130	4	2.3	1	0	0	0	2	0.9	0	0	0	0	0	0	0.274626	371	0	2	20	0	2	182	156	130	182	156	130	182	156	130	1	1	1	182	156	130	4	2.3	1	0	0	0	2	0.9	0	00:00:00.102
20:50:07	15.06.2015	hmmer/misc.s	417	0	4	17	0	4	120	77	21	120	77	21	120	77	21	1	1	1	120	77	21	3	2.11765	0	2	0.411765	0	2	0.352941	0	0	0	0	0	0	0.366162	417	0	4	17	0	4	120	77	21	120	77	21	120	77	21	1	1	1	120	77	21	3	2.11765	0	2	0.411765	0	2	0.352941	0	00:00:00.075
20:50:07	15.06.2015	hmmer/sqerror.s	95	0	3	16	0	3	25	20	11	25	20	11	25	20	11	1	1	1	25	20	11	3	1.875	1	1	0.5	0	0	0	0	0	0	0	0	0	0.112262	95	0	3	16	0	3	25	20	11	25	20	11	25	20	11	1	1	1	25	20	11	3	1.875	1	1	0.5	0	0	0	0	00:00:00.012
20:50:07	15.06.2015	hmmer/eps.s	299	0	1	18	0	1	227	227	227	227	227	227	227	227	227	1	1	1	227	227	227	3	2.55556	1	2	0.111111	0	2	0.388889	0	0	0	0	0	0	0.19755	299	0	1	18	0	1	227	227	227	227	227	227	227	227	227	1	1	1	227	227	227	3	2.55556	1	2	0.111111	0	2	0.388889	0	00:00:00.074
20:50:07	15.06.2015	hmmer/trace.s	6258	0	18	143	0	17	1065	286.556	32	1065	286.556	32	1065	286.556	32	18	2.22222	1	1065	286.556	32	5	2.48951	0	4	0.482517	0	3	0.643357	0	0	23	23	21	2	1130.24	7045	0	18	130	0	17	1074	330.278	32	1074	330.278	32	1074	330.278	32	2	1.05556	1	1074	330.278	32	5	2.18462	0	3	0.615385	0	3	0.6	0	00:00:19.19750
20:50:27	15.06.2015	hmmer/prior.s	3207	0	13	119	0	11	473	182.385	5	473	182.385	5	473	182.385	5	5	1.61538	1	473	182.385	5	6	2	0	3	0.361345	0	2	0.386555	0	0	10	10	5	4	102.927	3027	0	11	116	0	11	473	204.273	5	473	204.273	5	473	204.273	5	4	1.36364	1	473	204.273	5	6	2.12931	1	3	0.448276	0	2	0.396552	0	00:00:01.1947
20:50:29	15.06.2015	hmmer/display.s	2049	0	5	73	0	5	993	381.6	14	993	381.6	14	993	381.6	14	19	6.4	1	993	381.6	14	12	4.64384	1	1	0.0821918	0	3	0.876712	0	0	27	27	8	19	192.2	2137	0	5	73	0	5	993	399.2	14	993	399.2	14	993	399.2	14	19	4.8	1	993	399.2	14	12	4.75342	1	1	0.191781	0	3	0.876712	0	00:00:11.11688
20:50:41	15.06.2015	hmmer/aligneval.s	1564	0	10	33	0	7	286	130.8	77	286	130.8	77	286	130.8	77	4	2	1	286	130.8	77	7	2.84848	0	2	0.242424	0	2	0.363636	0	0	13	13	9	6	127.471	1589	0	9	24	0	7	286	148.333	95	286	148.333	95	286	148.333	95	5	1.44444	1	286	148.333	95	7	2.625	0	2	0.25	0	2	0.375	0	00:00:01.1154
20:50:42	15.06.2015	hmmer/file.s	389	0	7	39	0	7	108	46.2857	17	108	46.2857	17	108	46.2857	17	2	1.42857	1	108	46.2857	17	3	1.76923	1	2	0.410256	0	1	0.128205	0	0	3	3	0	3	0.391358	389	0	7	39	0	7	108	46.2857	17	108	46.2857	17	108	46.2857	17	2	1.42857	1	108	46.2857	17	3	1.76923	1	2	0.410256	0	1	0.128205	0	00:00:00.044
20:50:42	15.06.2015	hmmer/getopt.s	676	0	1	20	0	1	611	611	611	611	611	611	611	611	611	1	1	1	611	611	611	3	1.8	1	2	0.25	0	1	0.1	0	0	0	0	0	0	1.32215	676	0	1	20	0	1	611	611	611	611	611	611	611	611	611	1	1	1	611	611	611	3	1.8	1	2	0.25	0	1	0.1	0	00:00:02.2270
20:50:44	15.06.2015	hmmer/weight.s	2623	2	11	74	2	7	564	195.545	105	564	195.545	105	564	195.545	105	3	1.27273	1	564	195.545	105	6	2.27027	0	2	0.405405	0	3	0.432432	0	2	11	5	3	1	1106.79	2425	2	9	66	2	7	595	218.444	105	595	218.444	105	595	218.444	105	2	1.11111	1	595	218.444	105	6	2.31818	0	2	0.439394	0	2	0.348485	0	00:00:03.3450
20:50:48	15.06.2015	hmmer/sre_math.s	1332	0	9	24	0	9	205	88.6667	13	205	88.6667	13	205	88.6667	13	3	1.22222	1	205	88.6667	13	3	1.5	1	2	0.416667	0	1	0.0833333	0	0	2	2	1	1	2.78484	1337	0	9	23	0	9	210	89.2222	13	210	89.2222	13	210	89.2222	13	2	1.11111	1	210	89.2222	13	3	1.52174	1	2	0.434783	0	1	0.0869565	0	00:00:00.122
20:50:48	15.06.2015	hmmer/rk.s	237	0	2	2	0	2	132	107.5	83	132	107.5	83	132	107.5	83	1	1	1	132	107.5	83	2	1.5	1	0	0	0	0	0	0	0	0	0	0	0	0.167618	237	0	2	2	0	2	132	107.5	83	132	107.5	83	132	107.5	83	1	1	1	132	107.5	83	2	1.5	1	0	0	0	0	0	0	00:00:00.046
20:50:48	15.06.2015	hmmer/plan7.s	5655	0	23	164	0	23	920	186.174	10	920	186.174	10	920	186.174	10	6	1.6087	1	920	186.174	10	4	1.87195	0	3	0.280488	0	2	0.329268	0	0	14	14	11	5	581.431	5764	0	23	151	0	23	950	192.261	23	950	192.261	23	950	192.261	23	3	1.21739	1	950	192.261	23	4	1.88079	1	3	0.304636	0	2	0.331126	0	00:00:08.8750
20:50:57	15.06.2015	hmmer/fast_algorithms.s	926	0	1	3	0	1	895	895	895	895	895	895	895	895	895	1	1	1	895	895	895	7	4.33333	1	0	0	0	0	0	0	0	0	0	0	0	1.7545	926	0	1	3	0	1	895	895	895	895	895	895	895	895	895	1	1	1	895	895	895	7	4.33333	1	0	0	0	0	0	0	00:00:03.3902
20:51:00	15.06.2015	hmmer/seqencode.s	613	0	6	3	0	6	109	96.3333	78	109	96.3333	78	109	96.3333	78	1	1	1	109	96.3333	78	1	0.666667	0	0	0	0	1	0.666667	0	0	0	0	0	0	0.513569	613	0	6	3	0	6	109	96.3333	78	109	96.3333	78	109	96.3333	78	1	1	1	109	96.3333	78	1	0.666667	0	0	0	0	1	0.666667	0	00:00:00.099
20:51:01	15.06.2015	hmmer/types.s	559	0	9	12	0	9	222	55.5556	4	222	55.5556	4	222	55.5556	4	1	1	1	222	55.5556	4	3	0.75	0	0	0	0	1	0.583333	0	0	0	0	0	0	0.483953	559	0	9	12	0	9	222	55.5556	4	222	55.5556	4	222	55.5556	4	1	1	1	222	55.5556	4	3	0.75	0	0	0	0	1	0.583333	0	00:00:00.240
20:51:01	15.06.2015	hmmer/hmmsearch.s	1910	0	4	124	0	1	1014	324.25	24	1014	324.25	24	1014	324.25	24	1	1	1	1014	324.25	24	18	2.39516	0	3	0.0403226	0	1	0.354839	0	0	3	3	2	1	798.164	1597	0	2	108	0	1	1053	539.5	26	1053	539.5	26	1053	539.5	26	1	1	1	1053	539.5	26	18	2.11111	0	1	0.0185185	0	1	0.287037	0	00:00:13.13617
20:51:14	15.06.2015	hmmer/modelmakers.s	6199	0	9	81	0	3	1428	555.889	61	1428	555.889	61	1428	555.889	61	3	1.22222	1	1428	555.889	61	7	2.04938	0	2	0.234568	0	2	0.691358	0	0	8	8	4	3	11576.7	3078	0	4	60	0	3	1461	550.25	157	1461	550.25	157	1461	550.25	157	3	1.5	1	1461	550.25	157	6	2.13333	1	2	0.25	0	2	0.7	0	00:01:06.66857
20:52:21	15.06.2015	hmmer/gki.s	755	0	8	26	0	5	140	86	5	140	86	5	140	86	5	3	1.375	1	140	86	5	3	1.76923	1	3	0.461538	0	2	0.269231	0	0	6	6	3	1	18.1927	598	0	6	19	0	5	151	89.1667	5	151	89.1667	5	151	89.1667	5	1	1	1	151	89.1667	5	3	1.89474	1	3	0.631579	0	2	0.263158	0	00:00:00.118
20:52:21	15.06.2015	hmmer/emit.s	1395	0	3	47	0	3	491	382	249	491	382	249	491	382	249	2	1.33333	1	491	382	249	5	2.80851	1	4	0.382979	0	2	0.489362	0	0	1	1	0	1	2.48085	1395	0	3	47	0	3	491	382	249	491	382	249	491	382	249	2	1.33333	1	491	382	249	5	2.80851	1	4	0.382979	0	2	0.489362	0	00:00:01.1544
20:52:23	15.06.2015	lbm/lbm.s	10845	0	14	30	0	12	1688	388.286	14	1688	388.286	14	1688	388.286	14	3	1.28571	1	1688	388.286	14	4	1.93333	1	2	0.4	0	3	1	0	0	6	6	5	1	2422.07	10873	0	13	23	0	12	1688	420.385	14	1688	420.385	14	1688	420.385	14	1	1	1	1688	420.385	14	4	1.73913	1	2	0.434783	0	3	0.652174	0	00:00:21.21071
20:52:44	15.06.2015	lbm/main.s	379	0	5	39	0	5	133	61.2	6	133	61.2	6	133	61.2	6	2	1.8	1	133	61.2	6	3	1.46154	1	1	0.384615	0	1	0.128205	0	0	4	4	1	3	0.608192	382	0	5	39	0	5	133	61.8	6	133	61.8	6	133	61.8	6	2	1.6	1	133	61.8	6	3	1.48718	1	1	0.410256	0	1	0.128205	0	00:00:00.070
20:52:44	15.06.2015	mcf/psimplex.s	297	0	1	8	0	1	262	262	262	262	262	262	262	262	262	1	1	1	262	262	262	12	3.5	1	0	0	0	1	0.625	0	0	0	0	0	0	0.312876	297	0	1	8	0	1	262	262	262	262	262	262	262	262	262	1	1	1	262	262	262	12	3.5	1	0	0	0	1	0.625	0	00:00:00.112
20:52:44	15.06.2015	mcf/pbeampp.s	503	1	3	4	1	2	302	152.667	31	302	152.667	31	302	152.667	31	2	1.33333	1	302	152.667	31	2	2	2	0	0	0	2	0.5	0	1	4	1	1	0	1.62281	516	1	3	3	1	2	315	157	31	315	157	31	315	157	31	1	1	1	315	157	31	2	2	2	0	0	0	0	0	0	00:00:00.279
20:52:45	15.06.2015	mcf/pbla.s	178	0	1	0	0	1	162	162	162	162	162	162	162	162	162	1	1	1	162	162	162	0	0	0	0	0	0	0	0	0	0	0	0	0	0	0.13235	178	0	1	0	0	1	162	162	162	162	162	162	162	162	162	1	1	1	162	162	162	0	0	0	0	0	0	0	0	0	00:00:00.052
20:52:45	15.06.2015	mcf/mcfutil.s	1047	0	7	9	0	7	204	139.714	66	204	139.714	66	204	139.714	66	1	1	1	204	139.714	66	3	1.88889	1	0	0	0	1	0.222222	0	0	0	0	0	0	0.855635	1047	0	7	9	0	7	204	139.714	66	204	139.714	66	204	139.714	66	1	1	1	204	139.714	66	3	1.88889	1	0	0	0	1	0.222222	0	00:00:00.248
20:52:45	15.06.2015	mcf/readmin.s	838	0	1	14	0	1	762	762	762	762	762	762	762	762	762	1	1	1	762	762	762	4	2.42857	1	4	0.714286	0	1	0.285714	0	0	0	0	0	0	3.4131	838	0	1	14	0	1	762	762	762	762	762	762	762	762	762	1	1	1	762	762	762	4	2.42857	1	4	0.714286	0	1	0.285714	0	00:00:05.5242
20:52:50	15.06.2015	mcf/pflowup.s	86	0	1	0	0	1	72	72	72	72	72	72	72	72	72	1	1	1	72	72	72	0	0	0	0	0	0	0	0	0	0	0	0	0	0	0.101452	86	0	1	0	0	1	72	72	72	72	72	72	72	72	72	1	1	1	72	72	72	0	0	0	0	0	0	0	0	0	00:00:00.018
20:52:50	15.06.2015	mcf/output.s	221	0	1	6	0	1	184	184	184	184	184	184	184	184	184	1	1	1	184	184	184	3	2.16667	1	1	0.166667	0	2	0.833333	0	0	0	0	0	0	0.196117	221	0	1	6	0	1	184	184	184	184	184	184	184	184	184	1	1	1	184	184	184	3	2.16667	1	1	0.166667	0	2	0.833333	0	00:00:00.113
20:52:50	15.06.2015	mcf/treeup.s	531	0	1	0	0	1	509	509	509	509	509	509	509	509	509	1	1	1	509	509	509	0	0	0	0	0	0	0	0	0	0	0	0	0	0	0.689389	531	0	1	0	0	1	509	509	509	509	509	509	509	509	509	1	1	1	509	509	509	0	0	0	0	0	0	0	0	0	00:00:00.704
20:52:51	15.06.2015	mcf/pstart.s	234	0	1	0	0	1	205	205	205	205	205	205	205	205	205	1	1	1	205	205	205	0	0	0	0	0	0	0	0	0	0	0	0	0	0	0.153411	234	0	1	0	0	1	205	205	205	205	205	205	205	205	205	1	1	1	205	205	205	0	0	0	0	0	0	0	0	0	00:00:00.050
20:52:51	15.06.2015	gobmk/utils/random.s	289	0	8	6	0	6	83	29.75	3	83	29.75	3	83	29.75	3	3	1.375	1	83	29.75	3	4	0.833333	0	4	0.833333	0	0	0	0	0	5	5	4	1	8.70487	243	0	7	2	0	6	61	27.8571	5	61	27.8571	5	61	27.8571	5	1	1	1	61	27.8571	5	4	2	0	4	2	0	0	0	0	00:00:00.040
20:52:51	15.06.2015	gobmk/utils/getopt1.s	40	0	2	2	0	2	17	17	17	17	17	17	17	17	17	1	1	1	17	17	17	6	6	6	1	1	1	0	0	0	0	0	0	0	0	0.057353	40	0	2	2	0	2	17	17	17	17	17	17	17	17	17	1	1	1	17	17	17	6	6	6	1	1	1	0	0	0	00:00:00.008
20:52:51	15.06.2015	gobmk/utils/getopt.s	1663	0	4	34	0	2	1332	386.75	11	1332	386.75	11	1332	386.75	11	2	1.5	1	1332	386.75	11	6	2.20588	1	3	0.117647	0	1	0.117647	0	0	4	4	3	1	853.234	1522	0	2	31	0	2	1398	704.5	11	1398	704.5	11	1398	704.5	11	2	1.5	1	1398	704.5	11	6	2.25806	1	3	0.129032	0	1	0.129032	0	00:00:28.28044
20:53:19	15.06.2015	gobmk/engine/showbord.s	1171	0	9	47	0	6	312	113.556	5	312	113.556	5	312	113.556	5	4	1.88889	1	312	113.556	5	5	2.38298	0	5	0.404255	0	2	0.510638	0	0	11	11	9	2	94.5633	554	0	7	20	0	6	270	63	11	270	63	11	270	63	11	2	1.14286	1	270	63	11	4	2.65	1	1	0.4	0	1	0.5	0	00:00:00.692
20:53:20	15.06.2015	gobmk/engine/hash.s	509	0	6	6	0	5	170	76.6667	30	170	76.6667	30	170	76.6667	30	3	1.33333	1	170	76.6667	30	1	0.333333	0	0	0	0	2	1.16667	0	0	3	3	2	1	2.19727	530	0	6	4	0	5	170	80.1667	30	170	80.1667	30	170	80.1667	30	1	1	1	170	80.1667	30	1	0.5	0	0	0	0	2	0.75	0	00:00:00.111
20:53:20	15.06.2015	gobmk/engine/semeai.s	3073	0	6	78	0	2	1555	492.667	45	1555	492.667	45	1555	492.667	45	8	3.83333	1	1555	492.667	45	6	2.32051	1	1	0.102564	0	3	0.74359	0	0	21	21	2	1	11022.7	1438	0	3	23	0	2	809	443.667	187	809	443.667	187	809	443.667	187	1	1	1	809	443.667	187	6	2.04348	1	1	0.130435	0	3	1.56522	0	00:01:18.78661
20:54:39	15.06.2015	gobmk/engine/movelist.s	337	0	4	4	0	2	107	79.5	60	107	79.5	60	107	79.5	60	2	1.5	1	107	79.5	60	4	3.5	3	0	0	0	2	1	0	0	4	4	3	1	7.44695	401	0	3	1	0	2	223	127.667	60	223	127.667	60	223	127.667	60	1	1	1	223	127.667	60	3	3	3	0	0	0	0	0	0	00:00:00.050
20:54:39	15.06.2015	gobmk/engine/sgfdecide.s	1500	0	10	157	0	10	236	118.5	31	236	118.5	31	236	118.5	31	1	1	1	236	118.5	31	8	1.92994	0	4	0.636943	0	1	0.133758	0	0	0	0	0	0	2.19572	1500	0	10	157	0	10	236	118.5	31	236	118.5	31	236	118.5	31	1	1	1	236	118.5	31	8	1.92994	0	4	0.636943	0	1	0.133758	0	00:00:00.582
20:54:39	15.06.2015	gobmk/engine/filllib.s	1909	1	5	69	1	1	855	347.4	67	855	347.4	67	855	347.4	67	3	1.6	1	855	347.4	67	6	2.57971	0	5	0.42029	0	2	0.623188	0	1	8	6	1	3	134.345	1727	1	3	64	1	1	872	519.667	291	872	519.667	291	872	519.667	291	3	1.66667	1	872	519.667	291	6	2.60938	0	5	0.390625	0	2	0.640625	0	00:00:08.8045
20:54:47	15.06.2015	gobmk/engine/interface.s	1543	0	31	86	0	31	556	43.0968	3	556	43.0968	3	556	43.0968	3	7	1.64516	1	556	43.0968	3	6	2.19767	0	5	0.313953	0	2	0.488372	0	0	20	20	19	1	76.824	1717	0	31	85	0	31	620	48.7097	3	620	48.7097	3	620	48.7097	3	2	1.03226	1	620	48.7097	3	6	2.02353	0	5	0.317647	0	2	0.541176	0	00:00:02.2171
20:54:49	15.06.2015	gobmk/engine/sgffile.s	695	0	7	31	0	7	148	75	14	148	75	14	148	75	14	3	1.28571	1	148	75	14	6	2.83871	0	5	0.580645	0	2	0.645161	0	0	2	2	0	2	0.5568	695	0	7	31	0	7	148	75	14	148	75	14	148	75	14	3	1.28571	1	148	75	14	6	2.83871	0	5	0.580645	0	2	0.645161	0	00:00:00.142
20:54:50	15.06.2015	gobmk/engine/utils.s	6222	0	36	177	0	32	715	149.806	3	715	149.806	3	715	149.806	3	7	1.69444	1	715	149.806	3	15	3.52542	0	8	0.779661	0	5	0.649718	0	0	29	29	12	15	1452.99	5051	0	34	136	0	32	715	134.559	10	715	134.559	10	715	134.559	10	7	1.38235	1	715	134.559	10	15	3.97794	0	8	0.955882	0	5	0.683824	0	00:00:12.12154
20:55:02	15.06.2015	gobmk/sgf/sgftree.s	573	0	21	38	0	21	47	23.0476	10	47	23.0476	10	47	23.0476	10	14	1.66667	1	47	23.0476	10	4	2.23684	0	4	0.578947	0	1	0.0263158	0	0	14	14	13	1	18.272	745	0	21	25	0	21	58	31.2381	10	58	31.2381	10	58	31.2381	10	2	1.04762	1	58	31.2381	10	4	2.88	0	4	0.88	0	0	0	0	00:00:00.065
20:55:02	15.06.2015	gobmk/sgf/sgfnode.s	3329	7	62	216	7	37	170	46.8065	9	170	46.8065	9	170	46.8065	9	21	2.74194	1	170	46.8065	9	5	2.14352	0	4	0.643519	0	2	0.162037	0	7	141	126	87	28	370.296	3733	7	44	142	7	37	264	75.7955	21	264	75.7955	21	264	75.7955	21	22	1.63636	1	264	75.7955	21	5	2.4507	0	4	0.71831	0	3	0.190141	0	00:00:00.766
20:55:03	15.06.2015	gobmk/sgf/sgf_utils.s	567	1	9	17	1	8	94	54.5556	38	94	54.5556	38	94	54.5556	38	2	1.44444	1	94	54.5556	38	4	1.70588	1	1	0.117647	0	1	0.0588235	0	1	6	4	5	1	2.47146	660	1	9	18	1	8	127	64.8889	38	127	64.8889	38	127	64.8889	38	2	1.11111	1	127	64.8889	38	2	1.38889	1	1	0.111111	0	1	0.0555556	0	00:00:00.072
20:55:03	15.06.2015	gobmk/patterns/fuseki19.s	4415	0	0	0	0	0	0	0	0	0	0	0	0	0	0	0	0	0	0	0	0	0	0	0	0	0	0	0	0	0	0	0	0	0	0	4.03029	4415	0	0	0	0	0	0	0	0	0	0	0	0	0	0	0	0	0	0	0	0	0	0	0	0	0	0	0	0	0	00:00:00.655
20:55:03	15.06.2015	gobmk/patterns/fuseki9.s	3914	0	0	0	0	0	0	0	0	0	0	0	0	0	0	0	0	0	0	0	0	0	0	0	0	0	0	0	0	0	0	0	0	0	0	3.48426	3914	0	0	0	0	0	0	0	0	0	0	0	0	0	0	0	0	0	0	0	0	0	0	0	0	0	0	0	0	0	00:00:00.543
20:55:04	15.06.2015	gobmk/patterns/fuseki13.s	9002	0	0	0	0	0	0	0	0	0	0	0	0	0	0	0	0	0	0	0	0	0	0	0	0	0	0	0	0	0	0	0	0	0	0	11.2405	9002	0	0	0	0	0	0	0	0	0	0	0	0	0	0	0	0	0	0	0	0	0	0	0	0	0	0	0	0	0	00:00:03.3147
20:55:07	15.06.2015	gobmk/patterns/transform.s	140	0	1	0	0	1	115	115	115	115	115	115	115	115	115	1	1	1	115	115	115	0	0	0	0	0	0	0	0	0	0	0	0	0	0	0.119531	140	0	1	0	0	1	115	115	115	115	115	115	115	115	115	1	1	1	115	115	115	0	0	0	0	0	0	0	0	0	00:00:00.036
20:55:07	15.06.2015	sjeng/attacks.s	1506	0	3	0	0	3	521	481	447	521	481	447	521	481	447	1	1	1	521	481	447	0	0	0	0	0	0	0	0	0	0	0	0	0	0	4.91062	1506	0	3	0	0	3	521	481	447	521	481	447	521	481	447	1	1	1	521	481	447	0	0	0	0	0	0	0	0	0	00:00:01.1655
20:55:09	15.06.2015	sjeng/draw.s	170	0	1	0	0	1	140	140	140	140	140	140	140	140	140	1	1	1	140	140	140	0	0	0	0	0	0	0	0	0	0	0	0	0	0	0.182446	170	0	1	0	0	1	140	140	140	140	140	140	140	140	140	1	1	1	140	140	140	0	0	0	0	0	0	0	0	0	00:00:00.053
20:55:09	15.06.2015	sjeng/ecache.s	165	0	5	5	0	5	50	24	6	50	24	6	50	24	6	1	1	1	50	24	6	5	2	1	3	1	0	0	0	0	0	0	0	0	0	0.136454	165	0	5	5	0	5	50	24	6	50	24	6	50	24	6	1	1	1	50	24	6	5	2	1	3	1	0	0	0	0	00:00:00.018
20:55:09	15.06.2015	sjeng/rcfile.s	114	0	1	4	0	1	35	35	35	35	35	35	35	35	35	1	1	1	35	35	35	3	0.75	0	2	0.5	0	0	0	0	0	0	0	0	0	0.091809	114	0	1	4	0	1	35	35	35	35	35	35	35	35	35	1	1	1	35	35	35	3	0.75	0	2	0.5	0	0	0	0	00:00:00.009
20:55:09	15.06.2015	sjeng/leval.s	1509	0	6	19	0	1	1091	236.833	38	1091	236.833	38	1091	236.833	38	4	2.5	1	1091	236.833	38	5	1.42105	1	4	0.210526	0	1	0.736842	0	0	14	14	13	1	299.187	1381	0	2	6	0	1	1265	651.5	38	1265	651.5	38	1265	651.5	38	1	1	1	1265	651.5	38	5	2.33333	1	4	0.666667	0	1	0.166667	0	00:00:11.11455
20:55:20	15.06.2015	sjeng/ttable.s	1279	0	11	14	0	11	388	107.182	10	388	107.182	10	388	107.182	10	1	1	1	388	107.182	10	5	2.14286	0	3	1.07143	0	2	0.142857	0	0	0	0	0	0	1.17571	1279	0	11	14	0	11	388	107.182	10	388	107.182	10	388	107.182	10	1	1	1	388	107.182	10	5	2.14286	0	3	1.07143	0	2	0.142857	0	00:00:00.825
20:55:21	15.06.2015	sjeng/seval.s	1830	0	9	29	0	2	1000	188.222	3	1000	188.222	3	1000	188.222	3	4	2.11111	1	1000	188.222	3	5	1.51724	0	4	0.413793	0	1	0.551724	0	0	17	17	16	1	865.359	1360	0	2	5	0	2	1242	622.5	3	1242	622.5	3	1242	622.5	3	2	1.5	1	1242	622.5	3	5	2.4	0	4	0.8	0	0	0	0	00:00:07.7802
20:55:29	15.06.2015	sjeng/eval.s	2492	0	2	51	0	2	1788	1136.5	485	1788	1136.5	485	1788	1136.5	485	1	1	1	1788	1136.5	485	2	1.47059	0	0	0	0	2	0.862745	0	0	0	0	0	0	7.34119	2492	0	2	51	0	2	1788	1136.5	485	1788	1136.5	485	1788	1136.5	485	1	1	1	1788	1136.5	485	2	1.47059	0	0	0	0	2	0.862745	0	00:01:39.99278
20:57:08	15.06.2015	bzip2/randtable.s	5	0	0	0	0	0	0	0	0	0	0	0	0	0	0	0	0	0	0	0	0	0	0	0	0	0	0	0	0	0	0	0	0	0	0	0.091766	5	0	0	0	0	0	0	0	0	0	0	0	0	0	0	0	0	0	0	0	0	0	0	0	0	0	0	0	0	0	00:00:00.006
20:57:08	15.06.2015	bzip2/huffman.s	974	0	3	2	0	3	634	314	69	634	314	69	634	314	69	1	1	1	634	314	69	1	1	1	0	0	0	1	1	1	0	0	0	0	0	3.15245	974	0	3	2	0	3	634	314	69	634	314	69	634	314	69	1	1	1	634	314	69	1	1	1	0	0	0	1	1	1	00:00:01.1961
20:57:10	15.06.2015	bzip2/crctable.s	5	0	0	0	0	0	0	0	0	0	0	0	0	0	0	0	0	0	0	0	0	0	0	0	0	0	0	0	0	0	0	0	0	0	0	0.037194	5	0	0	0	0	0	0	0	0	0	0	0	0	0	0	0	0	0	0	0	0	0	0	0	0	0	0	0	0	0	00:00:00.005
20:57:10	15.06.2015	bzip2/blocksort.s	4941	0	9	28	0	1	1157	533.222	42	1157	533.222	42	1157	533.222	42	3	1.33333	1	1157	533.222	42	8	3.53571	1	1	0.142857	0	3	0.892857	0	0	11	11	2	2	7884.34	995	0	2	10	0	1	703	458	213	703	458	213	703	458	213	2	1.5	1	703	458	213	5	3	1	1	0.3	0	1	0.2	0	00:00:35.35416
20:57:46	15.06.2015	gcc/cfganal.s	4341	0	25	111	0	18	864	166.24	17	864	166.24	17	864	166.24	17	12	1.64	1	864	166.24	17	3	1.83784	0	2	0.108108	0	3	0.54955	0	0	23	23	18	3	6684.85	4199	0	19	87	0	18	1044	211.947	14	1044	211.947	14	1044	211.947	14	2	1.10526	1	1044	211.947	14	3	1.75862	0	1	0.0804598	0	3	0.448276	0	00:00:15.15136
20:58:01	15.06.2015	gcc/print-rtl.s	240	0	9	0	0	9	8	6	4	8	6	4	8	6	4	1	1	1	8	6	4	0	0	0	0	0	0	0	0	0	0	0	0	0	0	0.471717	240	0	9	0	0	9	8	6	4	8	6	4	8	6	4	1	1	1	8	6	4	0	0	0	0	0	0	0	0	0	00:00:00.014
20:58:01	15.06.2015	gcc/varray.s	124	0	2	3	0	2	66	52	38	66	52	38	66	52	38	1	1	1	66	52	38	5	3	2	3	1.33333	0	0	0	0	0	0	0	0	0	0.232043	124	0	2	3	0	2	66	52	38	66	52	38	66	52	38	1	1	1	66	52	38	5	3	2	3	1.33333	0	0	0	0	00:00:00.019
20:58:01	15.06.2015	gcc/cfgbuild.s	3282	0	13	85	0	3	977	239.077	56	977	239.077	56	977	239.077	56	7	2.30769	1	977	239.077	56	4	2.25882	0	3	0.211765	0	2	0.682353	0	0	27	27	12	4	14337.3	2039	0	5	32	0	3	1103	379	85	1103	379	85	1103	379	85	3	1.4	1	1103	379	85	4	2.15625	0	2	0.21875	0	1	0.46875	0	00:00:27.27844
20:58:29	15.06.2015	gcc/doloop.s	2371	0	6	90	0	1	581	360.5	293	581	360.5	293	581	360.5	293	2	1.16667	1	581	360.5	293	7	2.61111	0	4	0.944444	0	0	0	0	0	6	6	4	1	252.139	1020	0	2	44	0	1	543	423	303	543	423	303	543	423	303	1	1	1	543	423	303	7	2.45455	0	4	0.886364	0	0	0	0	00:00:03.3988
20:58:33	15.06.2015	gcc/cpphash.s	266	0	5	14	0	5	85	41.4	16	85	41.4	16	85	41.4	16	6	2	1	85	41.4	16	4	2.35714	1	2	0.928571	0	0	0	0	0	5	5	4	1	0.992414	318	0	5	14	0	5	137	51.8	16	137	51.8	16	137	51.8	16	2	1.2	1	137	51.8	16	4	2.64286	1	2	0.928571	0	0	0	0	00:00:00.039
20:58:33	15.06.2015	gcc/dominance.s	1790	1	10	42	1	1	326	172.2	66	326	172.2	66	326	172.2	66	2	1.2	1	326	172.2	66	3	1.66667	1	1	0.0238095	0	2	0.190476	0	1	12	10	5	1	220.564	503	0	2	18	0	1	304	226	148	304	226	148	304	226	148	1	1	1	304	226	148	2	1.33333	1	0	0	0	1	0.111111	0	00:00:00.863
20:58:34	15.06.2015	gcc/cppdefault.s	18	0	0	0	0	0	0	0	0	0	0	0	0	0	0	0	0	0	0	0	0	0	0	0	0	0	0	0	0	0	0	0	0	0	0	0.122998	18	0	0	0	0	0	0	0	0	0	0	0	0	0	0	0	0	0	0	0	0	0	0	0	0	0	0	0	0	0	00:00:00.007
20:58:34	15.06.2015	gcc/c-convert.s	307	0	1	20	0	1	265	265	265	265	265	265	265	265	265	1	1	1	265	265	265	3	1.75	1	1	0.3	0	0	0	0	0	0	0	0	0	0.356527	307	0	1	20	0	1	265	265	265	265	265	265	265	265	265	1	1	1	265	265	265	3	1.75	1	1	0.3	0	0	0	0	00:00:00.208
20:58:34	15.06.2015	gcc/hooks.s	8	0	2	0	0	2	2	2	2	2	2	2	2	2	2	1	1	1	2	2	2	0	0	0	0	0	0	0	0	0	0	0	0	0	0	0.050901	8	0	2	0	0	2	2	2	2	2	2	2	2	2	2	1	1	1	2	2	2	0	0	0	0	0	0	0	0	0	00:00:00.006
20:58:34	15.06.2015	gcc/rtl-error.s	374	0	6	13	0	4	209	53.1667	18	209	53.1667	18	209	53.1667	18	2	1.33333	1	209	53.1667	18	6	2.53846	1	2	0.461538	0	0	0	0	0	4	4	3	2	4.13497	423	0	5	13	0	4	209	73.8	22	209	73.8	22	209	73.8	22	2	1.2	1	209	73.8	22	6	2.46154	1	3	0.615385	0	0	0	0	00:00:00.097
20:58:34	15.06.2015	gcc/predict.s	4330	1	14	79	1	8	1267	277.786	29	1267	277.786	29	1267	277.786	29	11	2.64286	1	1267	277.786	29	5	2.34177	0	3	0.240506	0	3	0.582278	0	1	30	28	32	7	40184.9	3317	0	10	65	0	8	1808	304.1	29	1808	304.1	29	1808	304.1	29	4	1.5	1	1808	304.1	29	5	2.07692	0	3	0.292308	0	3	0.6	0	00:01:10.70766
20:59:45	15.06.2015	gcc/fibheap.s	1144	0	24	38	0	12	179	45.25	5	179	45.25	5	179	45.25	5	6	1.70833	1	179	45.25	5	5	2.13158	0	3	0.210526	0	2	0.289474	0	0	29	29	23	1	41.7336	958	0	12	9	0	12	293	76.5	5	293	76.5	5	293	76.5	5	2	1.08333	1	293	76.5	5	4	1.55556	1	2	0.444444	0	1	0.111111	0	00:00:00.171
20:59:45	15.06.2015	gcc/partition.s	439	0	4	12	0	4	167	100.25	7	167	100.25	7	167	100.25	7	1	1	1	167	100.25	7	5	2.08333	1	3	0.333333	0	2	0.416667	0	0	0	0	0	0	0.283055	439	0	4	12	0	4	167	100.25	7	167	100.25	7	167	100.25	7	1	1	1	167	100.25	7	5	2.08333	1	3	0.333333	0	2	0.416667	0	00:00:00.091
20:59:45	15.06.2015	gcc/vmsdbgout.s	1	0	0	0	0	0	0	0	0	0	0	0	0	0	0	0	0	0	0	0	0	0	0	0	0	0	0	0	0	0	0	0	0	0	0	0.0345	1	0	0	0	0	0	0	0	0	0	0	0	0	0	0	0	0	0	0	0	0	0	0	0	0	0	0	0	0	0	00:00:00.004
20:59:45	15.06.2015	gcc/vasprintf.s	432	0	2	13	0	1	368	189.5	11	368	189.5	11	368	189.5	11	1	1	1	368	189.5	11	3	1.84615	1	0	0	0	2	0.692308	0	0	1	1	1	0	77.6615	53	0	1	2	0	1	36	36	36	36	36	36	36	36	36	1	1	1	36	36	36	1	1	1	0	0	0	0	0	0	00:00:00.409
20:59:45	15.06.2015	gcc/cfglayout.s	2051	1	12	53	1	5	700	158.75	5	700	158.75	5	700	158.75	5	2	1.33333	1	700	158.75	5	3	1.49057	0	2	0.0943396	0	1	0.396226	0	1	12	10	4	3	986.636	674	1	7	24	1	5	142	79.2857	5	142	79.2857	5	142	79.2857	5	2	1.28571	1	142	79.2857	5	3	1	0	2	0.166667	0	1	0.166667	0	00:00:03.3947
20:59:49	15.06.2015	gcc/asprintf.s	27	0	1	3	0	1	21	21	21	21	21	21	21	21	21	1	1	1	21	21	21	3	1.66667	1	0	0	0	0	0	0	0	0	0	0	0	0.067791	27	0	1	3	0	1	21	21	21	21	21	21	21	21	21	1	1	1	21	21	21	3	1.66667	1	0	0	0	0	0	0	00:00:00.007
20:59:49	15.06.2015	gcc/main.s	14	0	1	1	0	1	10	10	10	10	10	10	10	10	10	1	1	1	10	10	10	2	2	2	0	0	0	0	0	0	0	0	0	0	0	0.060269	14	0	1	1	0	1	10	10	10	10	10	10	10	10	10	1	1	1	10	10	10	2	2	2	0	0	0	0	0	0	00:00:00.007
20:59:49	15.06.2015	gcc/sdbout.s	1	0	0	0	0	0	0	0	0	0	0	0	0	0	0	0	0	0	0	0	0	0	0	0	0	0	0	0	0	0	0	0	0	0	0	0.081085	1	0	0	0	0	0	0	0	0	0	0	0	0	0	0	0	0	0	0	0	0	0	0	0	0	0	0	0	0	0	00:00:00.009
20:59:49	15.06.2015	gcc/mkdeps.s	730	0	8	35	0	7	167	83.625	31	167	83.625	31	167	83.625	31	3	1.375	1	167	83.625	31	3	1.62857	1	2	0.171429	0	1	0.4	0	0	4	4	3	1	35.89	815	0	8	32	0	7	167	94.25	31	167	94.25	31	167	94.25	31	1	1	1	167	94.25	31	2	1.5625	1	1	0.09375	0	1	0.4375	0	00:00:00.161
20:59:50	15.06.2015	gcc/version.s	8	0	0	0	0	0	0	0	0	0	0	0	0	0	0	0	0	0	0	0	0	0	0	0	0	0	0	0	0	0	0	0	0	0	0	0.047767	8	0	0	0	0	0	0	0	0	0	0	0	0	0	0	0	0	0	0	0	0	0	0	0	0	0	0	0	0	0	00:00:00.005
20:59:50	15.06.2015	gcc/reorg.s	1	0	0	0	0	0	0	0	0	0	0	0	0	0	0	0	0	0	0	0	0	0	0	0	0	0	0	0	0	0	0	0	0	0	0	0.068172	1	0	0	0	0	0	0	0	0	0	0	0	0	0	0	0	0	0	0	0	0	0	0	0	0	0	0	0	0	0	00:00:00.007
20:59:50	15.06.2015	gcc/langhooks.s	433	0	23	6	0	23	116	15.6087	2	116	15.6087	2	116	15.6087	2	1	1	1	116	15.6087	2	3	2.16667	0	1	0.5	0	1	0.333333	0	0	0	0	0	0	0.225674	433	0	23	6	0	23	116	15.6087	2	116	15.6087	2	116	15.6087	2	1	1	1	116	15.6087	2	3	2.16667	0	1	0.5	0	1	0.333333	0	00:00:00.045
20:59:50	15.06.2015	gcc/genrtl.s	3003	0	41	82	0	41	177	71.3659	34	177	71.3659	34	177	71.3659	34	1	1	1	177	71.3659	34	5	3	1	4	2.5	1	0	0	0	0	0	0	0	0	2.41167	3003	0	41	82	0	41	177	71.3659	34	177	71.3659	34	177	71.3659	34	1	1	1	177	71.3659	34	5	3	1	4	2.5	1	0	0	0	00:00:00.098
20:59:50	15.06.2015	gcc/line-map.s	629	0	6	13	0	5	293	94.5	27	293	94.5	27	293	94.5	27	1	1	1	293	94.5	27	3	2	0	1	0.153846	0	1	0.230769	0	0	1	1	1	0	1.12719	611	0	5	11	0	5	306	110.2	27	306	110.2	27	306	110.2	27	1	1	1	306	110.2	27	3	2	0	1	0.181818	0	1	0.181818	0	00:00:00.298
20:59:50	15.06.2015	gcc/mbchar.s	1	0	0	0	0	0	0	0	0	0	0	0	0	0	0	0	0	0	0	0	0	0	0	0	0	0	0	0	0	0	0	0	0	0	0	0.047762	1	0	0	0	0	0	0	0	0	0	0	0	0	0	0	0	0	0	0	0	0	0	0	0	0	0	0	0	0	0	00:00:00.004
20:59:50	15.06.2015	gcc/cfgcleanup.s	7957	0	19	193	0	1	1021	400.947	22	1021	400.947	22	1021	400.947	22	4	1.52632	1	1021	400.947	22	5	1.66839	0	3	0.103627	0	3	0.440415	0	0	28	28	1	1	6015.85	298	0	2	8	0	1	84	56	28	84	56	28	84	56	28	1	1	1	84	56	28	1	0.625	0	1	0.125	0	1	0.25	0	00:01:03.63421
21:00:53	15.06.2015	gcc/xstrerror.s	28	0	1	2	0	1	18	18	18	18	18	18	18	18	18	1	1	1	18	18	18	3	2	1	2	1	0	0	0	0	0	0	0	0	0	0.095573	28	0	1	2	0	1	18	18	18	18	18	18	18	18	18	1	1	1	18	18	18	3	2	1	2	1	0	0	0	0	00:00:00.007
21:00:53	15.06.2015	gcc/dependence.s	5468	2	23	62	2	5	1022	231.087	13	1022	231.087	13	1022	231.087	13	2	1.17391	1	1022	231.087	13	6	2.64516	0	4	0.483871	0	4	0.790323	0	2	36	20	1	0	1550.78	644	0	5	9	0	5	205	115	13	205	115	13	205	115	13	1	1	1	205	115	13	3	1.88889	1	3	1.33333	0	1	0.111111	0	00:00:22.22632
21:01:16	15.06.2015	gcc/intl.s	1	0	0	0	0	0	0	0	0	0	0	0	0	0	0	0	0	0	0	0	0	0	0	0	0	0	0	0	0	0	0	0	0	0	0	0.04764	1	0	0	0	0	0	0	0	0	0	0	0	0	0	0	0	0	0	0	0	0	0	0	0	0	0	0	0	0	0	00:00:00.004
21:01:16	15.06.2015	gcc/alloca.s	192	1	2	5	1	1	141	80.5	20	141	80.5	20	141	80.5	20	1	1	1	141	80.5	20	1	0.4	0	0	0	0	1	0.2	0	1	2	0	0	0	0.217735	192	1	2	5	1	1	141	80.5	20	141	80.5	20	141	80.5	20	1	1	1	141	80.5	20	1	0.4	0	0	0	0	1	0.2	0	00:00:00.037
21:01:16	15.06.2015	gcc/lbasename.s	43	0	1	0	0	1	30	30	30	30	30	30	30	30	30	1	1	1	30	30	30	0	0	0	0	0	0	0	0	0	0	0	0	0	0	0.154597	43	0	1	0	0	1	30	30	30	30	30	30	30	30	30	1	1	1	30	30	30	0	0	0	0	0	0	0	0	0	00:00:00.014
21:01:16	15.06.2015	gcc/insn-emit.s	28299	0	775	6424	0	775	845	35	3	845	35	3	845	35	3	6	1.11613	1	845	35	3	7	2.13994	0	4	1.18758	0	1	0.000155666	0	0	90	90	56	34	1983.02	29002	0	775	6672	0	775	845	35.9071	3	845	35.9071	3	845	35.9071	3	3	1.04387	1	845	35.9071	3	7	2.17221	0	4	1.22527	0	1	0.00014988	0	00:00:13.13988
21:01:30	15.06.2015	gcc/getpwd.s	154	0	1	9	0	1	119	119	119	119	119	119	119	119	119	1	1	1	119	119	119	2	1	0	1	0.222222	0	1	0.444444	0	0	0	0	0	0	0.204959	154	0	1	9	0	1	119	119	119	119	119	119	119	119	119	1	1	1	119	119	119	2	1	0	1	0.222222	0	1	0.444444	0	00:00:00.041
21:01:30	15.06.2015	gcc/xcoffout.s	1	0	0	0	0	0	0	0	0	0	0	0	0	0	0	0	0	0	0	0	0	0	0	0	0	0	0	0	0	0	0	0	0	0	0	0.047915	1	0	0	0	0	0	0	0	0	0	0	0	0	0	0	0	0	0	0	0	0	0	0	0	0	0	0	0	0	0	00:00:00.004
21:01:30	15.06.2015	gcc/insn-peep.s	1	0	0	0	0	0	0	0	0	0	0	0	0	0	0	0	0	0	0	0	0	0	0	0	0	0	0	0	0	0	0	0	0	0	0	0.122994	1	0	0	0	0	0	0	0	0	0	0	0	0	0	0	0	0	0	0	0	0	0	0	0	0	0	0	0	0	0	00:00:00.009
21:01:30	15.06.2015	gcc/cpperror.s	685	0	13	60	0	12	183	45.4615	12	183	45.4615	12	183	45.4615	12	9	1.76923	1	183	45.4615	12	4	2.15	0	3	0.6	0	0	0	0	0	11	11	8	3	22.6887	838	0	12	45	0	12	200	62.5833	12	200	62.5833	12	200	62.5833	12	2	1.25	1	200	62.5833	12	4	1.77778	0	1	0.311111	0	0	0	0	00:00:00.181
21:01:30	15.06.2015	gcc/convert.s	1596	5	5	95	5	0	1007	289	78	1007	289	78	1007	289	78	1	1	1	1007	289	78	3	2.04211	1	2	0.347368	0	0	0	0	5	9	0	0	0	5.07176	1596	5	5	95	5	0	1007	289	78	1007	289	78	1007	289	78	1	1	1	1007	289	78	3	2.04211	1	2	0.347368	0	0	0	0	00:00:11.11952
21:01:42	15.06.2015	gcc/cfgrtl.s	8884	0	36	258	0	29	1553	234.861	6	1553	234.861	6	1553	234.861	6	7	1.94444	1	1553	234.861	6	5	1.88372	0	3	0.166667	0	2	0.313953	0	0	41	41	23	15	4853.69	8206	0	30	207	0	29	1553	259.6	6	1553	259.6	6	1553	259.6	6	6	1.46667	1	1553	259.6	6	5	1.94203	0	3	0.183575	0	2	0.362319	0	00:01:07.67065
21:02:49	15.06.2015	gcc/xmalloc.s	143	0	5	9	0	5	38	21.4	5	38	21.4	5	38	21.4	5	4	1.6	1	38	21.4	5	3	1.44444	1	1	0.222222	0	0	0	0	0	3	3	2	1	0.364761	153	0	5	11	0	5	43	23.4	5	43	23.4	5	43	23.4	5	2	1.2	1	43	23.4	5	3	1.72727	1	1	0.545455	0	0	0	0	00:00:00.015
21:02:49	15.06.2015	gcc/obstack.s	1	0	0	0	0	0	0	0	0	0	0	0	0	0	0	0	0	0	0	0	0	0	0	0	0	0	0	0	0	0	0	0	0	0	0	0.070208	1	0	0	0	0	0	0	0	0	0	0	0	0	0	0	0	0	0	0	0	0	0	0	0	0	0	0	0	0	0	00:00:00.010
21:02:49	15.06.2015	gcc/c-errors.s	53	0	1	4	0	1	29	29	29	29	29	29	29	29	29	1	1	1	29	29	29	6	2.25	1	0	0	0	0	0	0	0	0	0	0	0	0.08223	53	0	1	4	0	1	29	29	29	29	29	29	29	29	29	1	1	1	29	29	29	6	2.25	1	0	0	0	0	0	0	00:00:00.008
21:02:50	15.06.2015	gcc/safe-ctype.s	11	0	0	0	0	0	0	0	0	0	0	0	0	0	0	0	0	0	0	0	0	0	0	0	0	0	0	0	0	0	0	0	0	0	0	0.061212	11	0	0	0	0	0	0	0	0	0	0	0	0	0	0	0	0	0	0	0	0	0	0	0	0	0	0	0	0	0	00:00:00.006
21:02:50	15.06.2015	gcc/cfg.s	3377	0	24	85	0	22	594	124.542	4	594	124.542	4	594	124.542	4	4	1.625	1	594	124.542	4	5	2.52941	0	4	0.576471	0	2	0.458824	0	0	17	17	14	4	210.541	3525	0	22	72	0	22	672	142.727	4	672	142.727	4	672	142.727	4	3	1.18182	1	672	142.727	4	5	2.73611	1	4	0.75	0	2	0.444444	0	00:00:02.2508
21:02:52	15.06.2015	gcc/hex.s	8	0	1	0	0	1	2	2	2	2	2	2	2	2	2	1	1	1	2	2	2	0	0	0	0	0	0	0	0	0	0	0	0	0	0	0.069413	8	0	1	0	0	1	2	2	2	2	2	2	2	2	2	1	1	1	2	2	2	0	0	0	0	0	0	0	0	0	00:00:00.005
21:02:52	15.06.2015	gcc/dwarfout.s	1	0	0	0	0	0	0	0	0	0	0	0	0	0	0	0	0	0	0	0	0	0	0	0	0	0	0	0	0	0	0	0	0	0	0	0.062537	1	0	0	0	0	0	0	0	0	0	0	0	0	0	0	0	0	0	0	0	0	0	0	0	0	0	0	0	0	0	00:00:00.006
21:02:52	15.06.2015	gcc/sibcall.s	3454	3	14	61	3	2	745	235.286	39	745	235.286	39	745	235.286	39	2	1.21429	1	745	235.286	39	3	1.34426	0	3	0.114754	0	2	0.360656	0	3	23	12	2	1	86.887	1738	3	5	30	3	2	779	318.6	114	779	318.6	114	779	318.6	114	2	1.2	1	779	318.6	114	3	1.2	0	3	0.166667	0	2	0.6	0	00:00:07.7978

